5726
1952
2654
1868
5077
4029
1833
2522
0
540
2152
6320
1467
549
5178
2174
2916
3937
5068
3487
6150
6151
6152
1497
1555
977
4649
5263
2215
1825
2317
1061
2392
920
17244
1661
5811
593
2474
1080
1653
2772
2769
3372
6142
6141
6140
6147
6145
6144
6148
1719
1853
1854
5419
1257
6066
2665
6062
2262
2263
1650
3419
2267
2264
2882
1139
2607
2524
18186
1331
1931
2839
4627
5486
6170
906
5244
6073
2165
2086
1539
3614
1222
2292
2838
2296
2200
1632
972
980
1219
1594
4444
4607
2216
5184
1028
3209
2020
2515
2107
1741
2690
4082
2235
3861
5293
3535
3425
3537
6135
1891
5218
1615
1818
2220
1
1694
1691
2507
1791
1274
2374
4467
4790
6138
6139
4713
6133
6130
6131
6136
6137
6134
5444
1685
2004
1478
1369
1158
1151
4745
5074
5206
5419
4868
4004
3363
2448
3819
5282
2983
5129
5126
3117
4109
3775
1144
5046
4839
4712
3786
1940
5489
4959
897
5172
5176
1503
3761
1748
1292