B/U;dependent;independent;AUC;eta;depth;f1;cm
B;0;((3, 11),);0.638483710368;0.05;8;0.579439252336;[62 45 45 62]
B;0;((3, 11),);0.631642813471;0.05;8;0.0115996258185;[13447 10521    45    62]
B;0;((13, 14),);0.587518560573;0.1;10;0.348387096774;[86 21 80 27]
B;0;((13, 14),);0.590083506981;0.1;10;0.0118239544559;[19535  4433    80    27]
B;0;((6, 7),);0.518429557167;0.1;10;0.0526315789474;[103   4 104   3]
B;0;((6, 7),);0.494729343174;0.05;8;0.00377714825307;[23018   950   105     2]
B;0;((9, 10, 12),);0.746702768801;0.05;10;0.467532467532;[96 11 71 36]
B;0;((9, 10, 12),);0.701719504511;0.2;12;0.0209597352454;[20487  3481    69    38]
B;0;((4, 5, 8),);0.514542754826;0.05;8;0.0521739130435;[102   5 104   3]
B;0;((4, 5, 8),);0.504520240383;0.05;8;0.00538116591928;[22963  1005   104     3]
B;0;((3, 11), (13, 14));0.651585291292;0.05;12;0.614678899083;[63 44 40 67]
B;0;((3, 11), (13, 14));0.68007089671;0.05;12;0.0139845543728;[14560  9408    40    67]
B;0;((3, 11), (6, 7));0.629050572102;0.1;10;0.590909090909;[59 48 42 65]
B;0;((3, 11), (6, 7));0.624733679173;0.05;8;0.0118376550169;[13494 10474    44    63]
B;0;((3, 11), (9, 10, 12));0.746921128483;0.05;12;0.704225352113;[76 31 32 75]
B;0;((3, 11), (9, 10, 12));0.736576338545;0.05;12;0.018018018018;[15825  8143    32    75]
B;0;((3, 11), (4, 5, 8));0.636038081929;0.1;12;0.629310344828;[55 52 34 73]
B;0;((3, 11), (4, 5, 8));0.643661954257;0.05;10;0.012535198474;[13135 10833    38    69]
B;0;((13, 14), (6, 7));0.56843392436;0.05;12;0.355828220859;[80 27 78 29]
B;0;((13, 14), (6, 7));0.600756616298;0.05;12;0.0122881355932;[19384  4584    78    29]
B;0;((13, 14), (9, 10, 12));0.690278626954;0.05;12;0.423076923077;[91 16 74 33]
B;0;((13, 14), (9, 10, 12));0.676633291429;0.05;12;0.0194289078599;[20711  3257    74    33]
B;0;((13, 14), (4, 5, 8));0.606384837104;0.05;8;0.369426751592;[86 21 78 29]
B;0;((13, 14), (4, 5, 8));0.60743744775;0.1;10;0.0129003558719;[19608  4360    78    29]
B;0;((6, 7), (9, 10, 12));0.750807930824;0.05;12;0.487179487179;[96 11 69 38]
B;0;((6, 7), (9, 10, 12));0.706301743446;0.05;12;0.0220226021443;[20662  3306    69    38]
B;0;((6, 7), (4, 5, 8));0.523451829854;0.1;10;0.0683760683761;[101   6 103   4]
B;0;((6, 7), (4, 5, 8));0.516339348103;0.2;8;0.00758293838863;[23024   944   103     4]
B;0;((9, 10, 12), (4, 5, 8));0.748886365621;0.1;12;0.487179487179;[96 11 69 38]
B;0;((9, 10, 12), (4, 5, 8));0.707451056237;0.1;12;0.0218265364733;[20631  3337    69    38]
B;0;((3, 11), (13, 14), (6, 7));0.654642326841;0.05;8;0.617511520737;[64 43 40 67]
B;0;((3, 11), (13, 14), (6, 7));0.682925559625;0.05;8;0.0144256647648;[14853  9115    40    67]
B;0;((3, 11), (13, 14), (9, 10, 12));0.751419337933;0.05;8;0.663507109005;[73 34 37 70]
B;0;((3, 11), (13, 14), (9, 10, 12));0.755953810688;0.05;8;0.0174042764794;[16101  7867    37    70]
B;0;((3, 11), (13, 14), (4, 5, 8));0.675211808892;0.05;8;0.641860465116;[68 39 38 69]
B;0;((3, 11), (13, 14), (4, 5, 8));0.691186964239;0.05;8;0.0149723337311;[14927  9041    38    69]
B;0;((3, 11), (6, 7), (9, 10, 12));0.753908638309;0.05;8;0.707547169811;[77 30 32 75]
B;0;((3, 11), (6, 7), (9, 10, 12));0.740203643799;0.05;8;0.018091906887;[15859  8109    32    75]
B;0;((3, 11), (6, 7), (4, 5, 8));0.646082627304;0.05;10;0.603603603604;[59 48 40 67]
B;0;((3, 11), (6, 7), (4, 5, 8));0.634954277042;0.05;10;0.0122374429224;[13192 10776    40    67]
B;0;((3, 11), (9, 10, 12), (4, 5, 8));0.756266922875;0.05;10;0.706976744186;[75 32 31 76]
B;0;((3, 11), (9, 10, 12), (4, 5, 8));0.742093819797;0.05;8;0.018359561278;[15764  8204    30    77]
B;0;((13, 14), (6, 7), (9, 10, 12));0.674906105337;0.2;10;0.425;[88 19 73 34]
B;0;((13, 14), (6, 7), (9, 10, 12));0.68008649383;0.2;10;0.0203653788559;[20770  3198    73    34]
B;0;((13, 14), (6, 7), (4, 5, 8));0.617695868635;0.2;12;0.382165605096;[87 20 77 30]
B;0;((13, 14), (6, 7), (4, 5, 8));0.609020945373;0.2;12;0.0129645635264;[19477  4491    77    30]
B;0;((13, 14), (9, 10, 12), (4, 5, 8));0.666259061927;0.2;8;0.4125;[87 20 74 33]
B;0;((13, 14), (9, 10, 12), (4, 5, 8));0.670010754214;0.05;8;0.0188957779746;[20720  3248    75    32]
B;0;((6, 7), (9, 10, 12), (4, 5, 8));0.752118088916;0.1;10;0.493670886076;[95 12 68 39]
B;0;((6, 7), (9, 10, 12), (4, 5, 8));0.713402917285;0.05;12;0.0230360307147;[20728  3240    68    39]
B;0;((3, 11), (13, 14), (6, 7), (9, 10, 12));0.7457419862;0.05;8;0.679069767442;[72 35 34 73]
B;0;((3, 11), (13, 14), (6, 7), (9, 10, 12));0.75383513688;0.05;8;0.0184459886292;[16233  7735    34    73]
B;0;((3, 11), (13, 14), (6, 7), (4, 5, 8));0.674163682418;0.05;8;0.633027522936;[65 42 38 69]
B;0;((3, 11), (13, 14), (6, 7), (4, 5, 8));0.689400314126;0.05;8;0.01454928835;[14659  9309    38    69]
B;0;((3, 11), (13, 14), (9, 10, 12), (4, 5, 8));0.74962878854;0.05;8;0.682464454976;[75 32 35 72]
B;0;((3, 11), (13, 14), (9, 10, 12), (4, 5, 8));0.753366833348;0.05;8;0.0181063749528;[16194  7774    35    72]
B;0;((3, 11), (6, 7), (9, 10, 12), (4, 5, 8));0.751419337933;0.05;8;0.700934579439;[75 32 32 75]
B;0;((3, 11), (6, 7), (9, 10, 12), (4, 5, 8));0.737166884506;0.05;10;0.01795117281;[15794  8174    32    75]
B;0;((13, 14), (6, 7), (9, 10, 12), (4, 5, 8));0.672722508516;0.05;10;0.407643312102;[89 18 75 32]
B;0;((13, 14), (6, 7), (9, 10, 12), (4, 5, 8));0.67086996057;0.05;10;0.0188846267335;[20718  3250    75    32]
B;0;((3, 11), (13, 14), (6, 7), (9, 10, 12), (4, 5, 8));0.751331994061;0.05;8;0.682692307692;[77 30 36 71]
B;0;((3, 11), (13, 14), (6, 7), (9, 10, 12), (4, 5, 8));0.749699950401;0.05;8;0.017908941859;[16217  7751    36    71]
B;1;((3, 11),);0.634546216997;0.05;12;0.602409638554;[150  99  99 150]
B;1;((3, 11),);0.615861414263;0.05;10;0.0283312008774;[13288 10538    94   155]
B;1;((13, 14),);0.635796196836;0.2;12;0.665594855305;[ 83 166  42 207]
B;1;((13, 14),);0.631886902938;0.1;8;0.024795377949;[ 7665 16161    43   206]
B;1;((6, 7),);0.507588587281;0.1;10;0.660167130919;[ 17 232  12 237]
B;1;((6, 7),);0.494644741983;0.05;12;0.0202848511006;[ 1140 22686    14   235]
B;1;((9, 10, 12),);0.690101772552;0.05;8;0.698412698413;[ 88 161  29 220]
B;1;((9, 10, 12),);0.698580690596;0.05;8;0.0278252071081;[ 8482 15344    29   220]
B;1;((4, 5, 8),);0.541555781358;0.1;10;0.677685950413;[ 18 231   3 246]
B;1;((4, 5, 8),);0.541116872425;0.1;10;0.0213847959317;[ 1314 22512     3   246]
B;1;((3, 11), (13, 14));0.705795067821;0.05;10;0.655935613682;[164  85  86 163]
B;1;((3, 11), (13, 14));0.68942200431;0.05;10;0.0335149583633;[14511  9315    86   163]
B;1;((3, 11), (6, 7));0.623199625812;0.05;10;0.584677419355;[147 102 104 145]
B;1;((3, 11), (6, 7));0.600072243983;0.05;8;0.026493598862;[12976 10850   100   149]
B;1;((3, 11), (9, 10, 12));0.745294430735;0.05;12;0.692759295499;[164  85  72 177]
B;1;((3, 11), (9, 10, 12));0.735996112377;0.05;12;0.0376756066411;[14856  8970    72   177]
B;1;((3, 11), (4, 5, 8));0.644828309221;0.05;10;0.624754420432;[148 101  90 159]
B;1;((3, 11), (4, 5, 8));0.622598595507;0.05;8;0.0283044058745;[12999 10827    90   159]
B;1;((13, 14), (6, 7));0.635949420171;0.2;8;0.664505672609;[ 86 163  44 205]
B;1;((13, 14), (6, 7));0.626470458346;0.2;8;0.0246246246246;[ 7630 16196    44   205]
B;1;((13, 14), (9, 10, 12));0.736197803261;0.05;10;0.720257234727;[100 149  25 224]
B;1;((13, 14), (9, 10, 12));0.719036727789;0.1;12;0.0287056703353;[ 8761 15065    26   223]
B;1;((13, 14), (4, 5, 8));0.644497669392;0.05;10;0.675241157556;[ 86 163  39 210]
B;1;((13, 14), (4, 5, 8));0.647253413891;0.1;8;0.0254631026368;[ 7713 16113    38   211]
B;1;((6, 7), (9, 10, 12));0.684134126869;0.1;8;0.692307692308;[ 90 159  33 216]
B;1;((6, 7), (9, 10, 12));0.686827558703;0.05;12;0.0271173614177;[ 8433 15393    34   215]
B;1;((6, 7), (4, 5, 8));0.538499379042;0.2;10;0.674965421853;[ 19 230   5 244]
B;1;((6, 7), (4, 5, 8));0.529333737198;0.2;8;0.0211166630458;[ 1303 22523     6   243]
B;1;((9, 10, 12), (4, 5, 8));0.678440670312;0.1;12;0.688995215311;[ 87 162  33 216]
B;1;((9, 10, 12), (4, 5, 8));0.689230775195;0.2;12;0.027135678392;[ 8371 15455    33   216]
B;1;((3, 11), (13, 14), (6, 7));0.697561329656;0.05;8;0.667992047714;[163  86  81 168]
B;1;((3, 11), (13, 14), (6, 7));0.677338498626;0.05;8;0.0340287624063;[14369  9457    81   168]
B;1;((3, 11), (13, 14), (9, 10, 12));0.775721359333;0.05;8;0.708661417323;[170  79  69 180]
B;1;((3, 11), (13, 14), (9, 10, 12));0.75555710629;0.05;8;0.0399068839375;[15234  8592    69   180]
B;1;((3, 11), (13, 14), (4, 5, 8));0.706174093966;0.2;8;0.644400785855;[153  96  85 164]
B;1;((3, 11), (13, 14), (4, 5, 8));0.702591023879;0.05;8;0.0358942065491;[14718  9108    78   171]
B;1;((3, 11), (6, 7), (9, 10, 12));0.740407412784;0.05;8;0.694280078895;[167  82  73 176]
B;1;((3, 11), (6, 7), (9, 10, 12));0.731337841924;0.05;8;0.0374149659864;[14843  8983    73   176]
B;1;((3, 11), (6, 7), (4, 5, 8));0.641417073918;0.05;8;0.611764705882;[144 105  93 156]
B;1;((3, 11), (6, 7), (4, 5, 8));0.618312248406;0.05;8;0.0279569892473;[13071 10755    93   156]
B;1;((3, 11), (9, 10, 12), (4, 5, 8));0.74620570636;0.05;10;0.698841698842;[161  88  68 181]
B;1;((3, 11), (9, 10, 12), (4, 5, 8));0.73495594061;0.05;10;0.0383474576271;[14816  9010    68   181]
B;1;((13, 14), (6, 7), (9, 10, 12));0.735036531669;0.2;8;0.71974522293;[ 96 153  23 226]
B;1;((13, 14), (6, 7), (9, 10, 12));0.711959227829;0.1;12;0.0282067645182;[ 8626 15200    28   221]
B;1;((13, 14), (6, 7), (4, 5, 8));0.638352607216;0.05;10;0.665594855305;[ 83 166  42 207]
B;1;((13, 14), (6, 7), (4, 5, 8));0.64653358671;0.1;10;0.0253745770904;[ 7733 16093    39   210]
B;1;((13, 14), (9, 10, 12), (4, 5, 8));0.741891259818;0.2;12;0.727272727273;[ 99 150  21 228]
B;1;((13, 14), (9, 10, 12), (4, 5, 8));0.728656757476;0.2;12;0.0292008196721;[ 8687 15139    21   228]
B;1;((6, 7), (9, 10, 12), (4, 5, 8));0.684247028274;0.1;12;0.691318327974;[ 91 158  34 215]
B;1;((6, 7), (9, 10, 12), (4, 5, 8));0.694605923063;0.2;12;0.0274403675499;[ 8404 15422    31   218]
B;1;((3, 11), (13, 14), (6, 7), (9, 10, 12));0.772560119998;0.05;12;0.69921875;[165  84  70 179]
B;1;((3, 11), (13, 14), (6, 7), (9, 10, 12));0.754523676845;0.05;12;0.038698519079;[15003  8823    70   179]
B;1;((3, 11), (13, 14), (6, 7), (4, 5, 8));0.705407977291;0.2;10;0.646825396825;[157  92  86 163]
B;1;((3, 11), (13, 14), (6, 7), (4, 5, 8));0.692686046798;0.2;10;0.0321340561853;[14093  9733    86   163]
B;1;((3, 11), (13, 14), (9, 10, 12), (4, 5, 8));0.771350462089;0.05;8;0.717348927875;[169  80  65 184]
B;1;((3, 11), (13, 14), (9, 10, 12), (4, 5, 8));0.754586127605;0.05;8;0.0400653238977;[15074  8752    65   184]
B;1;((3, 11), (6, 7), (9, 10, 12), (4, 5, 8));0.741044499282;0.05;10;0.697855750487;[164  85  70 179]
B;1;((3, 11), (6, 7), (9, 10, 12), (4, 5, 8));0.731676559339;0.05;10;0.0381866666667;[14879  8947    70   179]
B;1;((13, 14), (6, 7), (9, 10, 12), (4, 5, 8));0.731665618296;0.05;12;0.71974522293;[ 96 153  23 226]
B;1;((13, 14), (6, 7), (9, 10, 12), (4, 5, 8));0.723690025779;0.05;12;0.0288191787809;[ 8617 15209    23   226]
B;1;((3, 11), (13, 14), (6, 7), (9, 10, 12), (4, 5, 8));0.773963323172;0.05;10;0.715667311412;[166  83  64 185]
B;1;((3, 11), (13, 14), (6, 7), (9, 10, 12), (4, 5, 8));0.758076543562;0.05;10;0.0406147091109;[15150  8676    64   185]
B;2;((3, 11),);0.5799031477;0.1;8;0.530510585305;[236 177 200 213]
B;2;((3, 11),);0.566447505353;0.05;8;0.0385764737843;[13245 10417   200   213]
B;2;((13, 14),);0.679053638117;0.05;10;0.693719806763;[150 263  54 359]
B;2;((13, 14),);0.641817378443;0.2;12;0.0425761573519;[ 7754 15908    58   355]
B;2;((6, 7),);0.516365810904;0.1;8;0.661654135338;[ 25 388  17 396]
B;2;((6, 7),);0.504962237549;0.1;8;0.0339157245632;[ 1119 22543    17   396]
B;2;((9, 10, 12),);0.700241544478;0.1;12;0.704091341579;[145 268  43 370]
B;2;((9, 10, 12),);0.691734717121;0.1;12;0.0453876349362;[ 8141 15521    43   370]
B;2;((4, 5, 8),);0.519889311657;0.05;10;0.664440734558;[ 26 387  15 398]
B;2;((4, 5, 8),);0.513254310146;0.05;10;0.0343207002113;[ 1280 22382    15   398]
B;2;((3, 11), (13, 14));0.680126517714;0.1;12;0.611650485437;[254 159 161 252]
B;2;((3, 11), (13, 14));0.663589243018;0.1;12;0.0504;[14327  9335   161   252]
B;2;((3, 11), (6, 7));0.583285942932;0.05;10;0.522292993631;[246 167 208 205]
B;2;((3, 11), (6, 7));0.556066080349;0.05;10;0.0369869192603;[13195 10467   208   205]
B;2;((3, 11), (9, 10, 12));0.710571674806;0.05;12;0.637889688249;[258 155 147 266]
B;2;((3, 11), (9, 10, 12));0.704120101027;0.05;12;0.0555671610612;[14767  8895   147   266]
B;2;((3, 11), (4, 5, 8));0.590409159929;0.05;8;0.519379844961;[253 160 212 201]
B;2;((3, 11), (4, 5, 8));0.570256802675;0.05;8;0.0385722510075;[13854  9808   212   201]
B;2;((13, 14), (6, 7));0.650956504406;0.2;12;0.675623800384;[136 277  61 352]
B;2;((13, 14), (6, 7));0.635993121858;0.2;12;0.0420173082662;[ 7672 15990    61   352]
B;2;((13, 14), (9, 10, 12));0.709498795209;0.1;10;0.704980842912;[150 263  45 368]
B;2;((13, 14), (9, 10, 12));0.705320419557;0.1;10;0.0466827349994;[ 8677 14985    45   368]
B;2;((13, 14), (4, 5, 8));0.657815898551;0.1;12;0.680728667306;[138 275  58 355]
B;2;((13, 14), (4, 5, 8));0.6442056337;0.1;12;0.0426554520877;[ 7785 15877    58   355]
B;2;((6, 7), (9, 10, 12));0.695885536059;0.2;10;0.703984819734;[143 270  42 371]
B;2;((6, 7), (9, 10, 12));0.681213306119;0.05;10;0.0449465798846;[ 8155 15507    47   366]
B;2;((6, 7), (4, 5, 8));0.519836547087;0.05;8;0.666112956811;[ 23 390  12 401]
B;2;((6, 7), (4, 5, 8));0.522821350239;0.05;8;0.0346810810811;[ 1351 22311    12   401]
B;2;((9, 10, 12), (4, 5, 8));0.690638392674;0.2;12;0.697896749522;[145 268  48 365]
B;2;((9, 10, 12), (4, 5, 8));0.679289163794;0.05;12;0.0448954489545;[ 8180 15482    48   365]
B;2;((3, 11), (13, 14), (6, 7));0.687305430647;0.05;10;0.627261761158;[257 156 153 260]
B;2;((3, 11), (13, 14), (6, 7));0.660150939288;0.1;8;0.0502033931938;[14249  9413   160   253]
B;2;((3, 11), (13, 14), (9, 10, 12));0.735025121798;0.1;10;0.645631067961;[268 145 147 266]
B;2;((3, 11), (13, 14), (9, 10, 12));0.728282267438;0.1;10;0.0587585597526;[15287  8375   147   266]
B;2;((3, 11), (13, 14), (4, 5, 8));0.690239727031;0.05;10;0.620858895706;[264 149 160 253]
B;2;((3, 11), (13, 14), (4, 5, 8));0.672604730094;0.05;10;0.051945385484;[14587  9075   160   253]
B;2;((3, 11), (6, 7), (9, 10, 12));0.707704799817;0.1;12;0.627078384798;[248 165 149 264]
B;2;((3, 11), (6, 7), (9, 10, 12));0.69890541797;0.1;12;0.0546697038724;[14681  8981   149   264]
B;2;((3, 11), (6, 7), (4, 5, 8));0.591496696352;0.05;8;0.520965692503;[244 169 208 205]
B;2;((3, 11), (6, 7), (4, 5, 8));0.56982594665;0.05;8;0.0380722444052;[13511 10151   208   205]
B;2;((3, 11), (9, 10, 12), (4, 5, 8));0.711278133776;0.05;12;0.639225181598;[264 149 149 264]
B;2;((3, 11), (9, 10, 12), (4, 5, 8));0.697990597198;0.05;12;0.0555847983998;[14840  8822   149   264]
B;2;((13, 14), (6, 7), (9, 10, 12));0.714441076632;0.05;12;0.707129094412;[155 258  46 367]
B;2;((13, 14), (6, 7), (9, 10, 12));0.705772508838;0.05;12;0.0467218332272;[ 8732 14930    46   367]
B;2;((13, 14), (6, 7), (4, 5, 8));0.663192021997;0.1;10;0.682646212848;[139 274  57 356]
B;2;((13, 14), (6, 7), (4, 5, 8));0.650156420026;0.2;12;0.0430364614465;[ 7705 15957    53   360]
B;2;((13, 14), (9, 10, 12), (4, 5, 8));0.714690242658;0.2;12;0.709491850431;[153 260  43 370]
B;2;((13, 14), (9, 10, 12), (4, 5, 8));0.705128399291;0.2;12;0.0467880627213;[ 8629 15033    43   370]
B;2;((6, 7), (9, 10, 12), (4, 5, 8));0.689026141913;0.2;12;0.697230181471;[144 269  48 365]
B;2;((6, 7), (9, 10, 12), (4, 5, 8));0.680508003863;0.1;12;0.0448127685697;[ 8150 15512    48   365]
B;2;((3, 11), (13, 14), (6, 7), (9, 10, 12));0.734943043578;0.05;12;0.65617433414;[271 142 142 271]
B;2;((3, 11), (13, 14), (6, 7), (9, 10, 12));0.727937316563;0.05;12;0.0594885303479;[15235  8427   142   271]
B;2;((3, 11), (13, 14), (6, 7), (4, 5, 8));0.683963674525;0.1;8;0.609638554217;[249 164 160 253]
B;2;((3, 11), (13, 14), (6, 7), (4, 5, 8));0.674057442967;0.05;10;0.0526423596887;[14568  9094   156   257]
B;2;((3, 11), (13, 14), (9, 10, 12), (4, 5, 8));0.734699740281;0.05;10;0.649696969697;[269 144 145 268]
B;2;((3, 11), (13, 14), (9, 10, 12), (4, 5, 8));0.72302056423;0.05;10;0.0583941605839;[15164  8498   145   268]
B;2;((3, 11), (6, 7), (9, 10, 12), (4, 5, 8));0.704108014938;0.1;12;0.62994011976;[254 159 150 263]
B;2;((3, 11), (6, 7), (9, 10, 12), (4, 5, 8));0.696825479826;0.1;12;0.054182117841;[14630  9032   150   263]
B;2;((13, 14), (6, 7), (9, 10, 12), (4, 5, 8));0.707564094296;0.1;12;0.704306220096;[149 264  45 368]
B;2;((13, 14), (6, 7), (9, 10, 12), (4, 5, 8));0.704109458817;0.1;12;0.0466383625879;[ 8662 15000    45   368]
B;2;((3, 11), (13, 14), (6, 7), (9, 10, 12), (4, 5, 8));0.729587439687;0.05;12;0.647272727273;[268 145 146 267]
B;2;((3, 11), (13, 14), (6, 7), (9, 10, 12), (4, 5, 8));0.725980428975;0.05;10;0.0608237010437;[15435  8227   142   271]
B;0;((3, 11),);0.615447403326;0.05;12;0.587064676617;[56 43 40 59]
B;0;((3, 11),);0.623500183685;0.05;10;0.0116538797708;[13838 10138    39    60]
B;0;((13, 14),);0.586164677074;0.2;8;0.687258687259;[28 71 10 89]
B;0;((13, 14),);0.615294587517;0.05;12;0.0105423450861;[ 7091 16885     9    90]
B;0;((6, 7),);0.485256606469;0.2;8;0.659793814433;[ 3 96  3 96]
B;0;((6, 7),);0.495181418793;0.1;10;0.00828121630364;[  986 22990     3    96]
B;0;((9, 10, 12),);0.679114376084;0.2;12;0.413793103448;[83 16 69 30]
B;0;((9, 10, 12),);0.646095801188;0.1;10;0.0123404255319;[19404  4572    70    29]
B;0;((4, 5, 8),);0.505254565861;0.1;10;0.662068965517;[ 4 95  3 96]
B;0;((4, 5, 8),);0.508412874154;0.05;8;0.00834492350487;[ 1163 22813     3    96]
B;0;((3, 11), (13, 14));0.720079583716;0.05;12;0.710900473934;[62 37 24 75]
B;0;((3, 11), (13, 14));0.726816041631;0.05;10;0.0164221589665;[15016  8960    24    75]
B;0;((3, 11), (6, 7));0.635190286705;0.05;12;0.598984771574;[60 39 40 59]
B;0;((3, 11), (6, 7));0.6367889354;0.2;8;0.0119036003513;[13887 10089    38    61]
B;0;((3, 11), (9, 10, 12));0.745689215386;0.05;12;0.692307692308;[62 37 27 72]
B;0;((3, 11), (9, 10, 12));0.740156612842;0.05;8;0.0163469921534;[14974  9002    24    75]
B;0;((3, 11), (4, 5, 8));0.620906029997;0.2;12;0.610837438424;[57 42 37 62]
B;0;((3, 11), (4, 5, 8));0.639564016879;0.05;10;0.0122045718714;[13814 10162    36    63]
B;0;((13, 14), (6, 7));0.603611876339;0.2;10;0.6953125;[31 68 10 89]
B;0;((13, 14), (6, 7));0.616234289845;0.1;10;0.0106038291605;[ 7190 16786     9    90]
B;0;((13, 14), (9, 10, 12));0.726252423222;0.1;12;0.43661971831;[87 12 68 31]
B;0;((13, 14), (9, 10, 12));0.696609488276;0.1;12;0.0170049369172;[20460  3516    68    31]
B;0;((13, 14), (4, 5, 8));0.620344862769;0.1;12;0.700787401575;[33 66 10 89]
B;0;((13, 14), (4, 5, 8));0.616558898966;0.1;12;0.0105776087473;[ 7336 16640    10    89]
B;0;((6, 7), (9, 10, 12));0.671258034894;0.2;12;0.41095890411;[82 17 69 30]
B;0;((6, 7), (9, 10, 12));0.646812426905;0.05;12;0.0123984608807;[19426  4550    70    29]
B;0;((6, 7), (4, 5, 8));0.476073870013;0.2;8;0.650519031142;[ 3 96  5 94]
B;0;((6, 7), (4, 5, 8));0.493321183136;0.2;8;0.0082074565616;[ 1263 22713     5    94]
B;0;((9, 10, 12), (4, 5, 8));0.676563615958;0.2;12;0.421768707483;[82 17 68 31]
B;0;((9, 10, 12), (4, 5, 8));0.646273377755;0.05;10;0.0124064171123;[19429  4547    70    29]
B;0;((3, 11), (13, 14), (6, 7));0.733853688399;0.05;12;0.705314009662;[64 35 26 73]
B;0;((3, 11), (13, 14), (6, 7));0.730362728048;0.05;12;0.0164636896707;[15280  8696    26    73]
B;0;((3, 11), (13, 14), (9, 10, 12));0.775278032854;0.1;12;0.73786407767;[68 31 23 76]
B;0;((3, 11), (13, 14), (9, 10, 12));0.771090534979;0.05;10;0.0183841315917;[15883  8093    23    76]
B;0;((3, 11), (13, 14), (4, 5, 8));0.737475767779;0.05;10;0.704761904762;[62 37 25 74]
B;0;((3, 11), (13, 14), (4, 5, 8));0.733965025632;0.05;10;0.0165789178895;[15222  8754    25    74]
B;0;((3, 11), (6, 7), (9, 10, 12));0.762575247424;0.05;10;0.71568627451;[67 32 26 73]
B;0;((3, 11), (6, 7), (9, 10, 12));0.738232761381;0.05;10;0.0158972125436;[14964  9012    26    73]
B;0;((3, 11), (6, 7), (4, 5, 8));0.623456790123;0.2;12;0.620689655172;[58 41 36 63]
B;0;((3, 11), (6, 7), (4, 5, 8));0.64543710377;0.1;8;0.0126947489902;[13743 10233    33    66]
B;0;((3, 11), (9, 10, 12), (4, 5, 8));0.745485154576;0.05;10;0.71568627451;[67 32 26 73]
B;0;((3, 11), (9, 10, 12), (4, 5, 8));0.727461889499;0.05;8;0.0154579142403;[14703  9273    26    73]
B;0;((13, 14), (6, 7), (9, 10, 12));0.715947352311;0.05;10;0.422535211268;[86 13 69 30]
B;0;((13, 14), (6, 7), (9, 10, 12));0.693007401341;0.05;12;0.0166756320602;[20388  3588    68    31]
B;0;((13, 14), (6, 7), (4, 5, 8));0.600142842567;0.1;12;0.690196078431;[31 68 11 88]
B;0;((13, 14), (6, 7), (4, 5, 8));0.608026587193;0.1;12;0.0103914506701;[ 7226 16750    11    88]
B;0;((13, 14), (9, 10, 12), (4, 5, 8));0.691562085501;0.1;8;0.413793103448;[83 16 69 30]
B;0;((13, 14), (9, 10, 12), (4, 5, 8));0.685174020822;0.1;8;0.0159914712154;[20353  3623    69    30]
B;0;((6, 7), (9, 10, 12), (4, 5, 8));0.669523518008;0.2;8;0.418918918919;[81 18 68 31]
B;0;((6, 7), (9, 10, 12), (4, 5, 8));0.643867141552;0.05;12;0.0121389702805;[19326  4650    70    29]
B;0;((3, 11), (13, 14), (6, 7), (9, 10, 12));0.786705438221;0.05;12;0.75;[68 31 21 78]
B;0;((3, 11), (13, 14), (6, 7), (9, 10, 12));0.770214448455;0.05;10;0.0185698782105;[15859  8117    22    77]
B;0;((3, 11), (13, 14), (6, 7), (4, 5, 8));0.73166003469;0.05;10;0.707547169811;[61 38 24 75]
B;0;((3, 11), (13, 14), (6, 7), (4, 5, 8));0.737700663627;0.05;12;0.0160810661967;[15069  8907    26    73]
B;0;((3, 11), (13, 14), (9, 10, 12), (4, 5, 8));0.775941230487;0.05;10;0.734299516908;[67 32 23 76]
B;0;((3, 11), (13, 14), (9, 10, 12), (4, 5, 8));0.763379330509;0.05;10;0.0180265654649;[15719  8257    23    76]
B;0;((3, 11), (6, 7), (9, 10, 12), (4, 5, 8));0.747015610652;0.05;12;0.69;[67 32 30 69]
B;0;((3, 11), (6, 7), (9, 10, 12), (4, 5, 8));0.733524559913;0.05;10;0.0157616323006;[14885  9091    26    73]
B;0;((13, 14), (6, 7), (9, 10, 12), (4, 5, 8));0.69819406183;0.05;8;0.424657534247;[83 16 68 31]
B;0;((13, 14), (6, 7), (9, 10, 12), (4, 5, 8));0.693575941261;0.05;12;0.0167703543414;[20409  3567    68    31]
B;0;((3, 11), (13, 14), (6, 7), (9, 10, 12), (4, 5, 8));0.779869401082;0.05;12;0.728155339806;[67 32 24 75]
B;0;((3, 11), (13, 14), (6, 7), (9, 10, 12), (4, 5, 8));0.763588714978;0.05;10;0.0180672768335;[15738  8238    23    76]
B;1;((3, 11),);0.577751951331;0.2;8;0.504970178926;[152 112 137 127]
B;1;((3, 11),);0.538114943692;0.2;12;0.0235728736037;[12840 10971   130   134]
B;1;((13, 14),);0.651995810376;0.2;8;0.422391857506;[218  46 181  83]
B;1;((13, 14),);0.6478630484;0.2;8;0.0352816153029;[19453  4358   181    83]
B;1;((6, 7),);0.503543962351;0.05;12;0.0955631399317;[249  15 250  14]
B;1;((6, 7),);0.509654469605;0.05;12;0.0189701897019;[22613  1198   250    14]
B;1;((9, 10, 12),);0.666214703857;0.1;8;0.437017994859;[224  40 179  85]
B;1;((9, 10, 12),);0.667713101788;0.2;12;0.0405097860719;[19770  4041   175    89]
B;1;((4, 5, 8),);0.516148702938;0.2;10;0.0965517241379;[252  12 250  14]
B;1;((4, 5, 8),);0.507728793542;0.1;10;0.0182712579058;[22665  1146   251    13]
B;1;((3, 11), (13, 14));0.670547807622;0.2;12;0.62015503876;[172  92 104 160]
B;1;((3, 11), (13, 14));0.655420511656;0.1;12;0.0321143685901;[14577  9234   109   155]
B;1;((3, 11), (6, 7));0.59113865932;0.2;12;0.539682539683;[160 104 128 136]
B;1;((3, 11), (6, 7));0.543608966699;0.2;12;0.0237326585813;[12750 11061   128   136]
B;1;((3, 11), (9, 10, 12));0.689601985767;0.2;12;0.622568093385;[174  90 104 160]
B;1;((3, 11), (9, 10, 12));0.684161207005;0.05;12;0.0351600651112;[15022  8789   102   162]
B;1;((3, 11), (4, 5, 8));0.586045110193;0.2;12;0.534930139721;[161 103 130 134]
B;1;((3, 11), (4, 5, 8));0.543599183214;0.2;12;0.0238774055595;[12985 10826   130   134]
B;1;((13, 14), (6, 7));0.63502209596;0.05;10;0.40616966581;[218  46 185  79]
B;1;((13, 14), (6, 7));0.636295549676;0.2;8;0.0346091205212;[19248  4563   179    85]
B;1;((13, 14), (9, 10, 12));0.68039055326;0.1;12;0.448979591837;[224  40 176  88]
B;1;((13, 14), (9, 10, 12));0.689666365685;0.2;12;0.0451580531862;[20179  3632   174    90]
B;1;((13, 14), (4, 5, 8));0.641091310836;0.2;10;0.413265306122;[217  47 183  81]
B;1;((13, 14), (4, 5, 8));0.635235831288;0.2;8;0.0331098072087;[19382  4429   185    79]
B;1;((6, 7), (9, 10, 12));0.673116104224;0.05;8;0.446153846154;[225  39 177  87]
B;1;((6, 7), (9, 10, 12));0.664784181108;0.2;10;0.0393032603841;[19685  4126   176    88]
B;1;((6, 7), (4, 5, 8));0.49103248393;0.05;8;0.0884353741497;[247  17 251  13]
B;1;((6, 7), (4, 5, 8));0.500623597701;0.05;8;0.0162703379224;[22490  1321   251    13]
B;1;((9, 10, 12), (4, 5, 8));0.68935806933;0.2;10;0.46582278481;[225  39 172  92]
B;1;((9, 10, 12), (4, 5, 8));0.674143475832;0.2;10;0.0410989501899;[19690  4121   172    92]
B;1;((3, 11), (13, 14), (6, 7));0.677599862259;0.2;10;0.611538461538;[167  97 105 159]
B;1;((3, 11), (13, 14), (6, 7));0.653636735886;0.1;8;0.0314757992675;[14131  9680   105   159]
B;1;((3, 11), (13, 14), (9, 10, 12));0.723506370523;0.1;12;0.624505928854;[180  84 106 158]
B;1;((3, 11), (13, 14), (9, 10, 12));0.700567632989;0.1;12;0.036230222426;[15511  8300   106   158]
B;1;((3, 11), (13, 14), (4, 5, 8));0.680024678604;0.2;8;0.610894941634;[171  93 107 157]
B;1;((3, 11), (13, 14), (4, 5, 8));0.65643855081;0.1;8;0.031435768262;[14306  9505   108   156]
B;1;((3, 11), (6, 7), (9, 10, 12));0.69511162764;0.1;12;0.61568627451;[175  89 107 157]
B;1;((3, 11), (6, 7), (9, 10, 12));0.676204848027;0.05;12;0.0335349676324;[14810  9001   106   158]
B;1;((3, 11), (6, 7), (4, 5, 8));0.584445305326;0.2;10;0.529880478088;[159 105 131 133]
B;1;((3, 11), (6, 7), (4, 5, 8));0.538537940193;0.2;12;0.0232251253629;[12840 10971   132   132]
B;1;((3, 11), (9, 10, 12), (4, 5, 8));0.701381714876;0.1;12;0.606299212598;[174  90 110 154]
B;1;((3, 11), (9, 10, 12), (4, 5, 8));0.6810398778;0.1;12;0.0332290430467;[14960  8851   110   154]
B;1;((13, 14), (6, 7), (9, 10, 12));0.676602674472;0.1;12;0.448362720403;[220  44 175  89]
B;1;((13, 14), (6, 7), (9, 10, 12));0.681146064399;0.1;10;0.0434139121855;[20109  3702   176    88]
B;1;((13, 14), (6, 7), (4, 5, 8));0.633429465106;0.05;12;0.412213740458;[216  48 183  81]
B;1;((13, 14), (6, 7), (4, 5, 8));0.631565195231;0.2;12;0.0329421453572;[19298  4513   184    80]
B;1;((13, 14), (9, 10, 12), (4, 5, 8));0.676344410009;0.05;8;0.461538461538;[218  46 171  93]
B;1;((13, 14), (9, 10, 12), (4, 5, 8));0.692563231534;0.05;8;0.0459259259259;[20118  3693   171    93]
B;1;((6, 7), (9, 10, 12), (4, 5, 8));0.679371843434;0.2;8;0.451282051282;[226  38 176  88]
B;1;((6, 7), (9, 10, 12), (4, 5, 8));0.669567668623;0.2;10;0.0399556048835;[19660  4151   174    90]
B;1;((3, 11), (13, 14), (6, 7), (9, 10, 12));0.725134871442;0.1;10;0.6328125;[178  86 102 162]
B;1;((3, 11), (13, 14), (6, 7), (9, 10, 12));0.698235663934;0.1;10;0.0363922273391;[15334  8477   102   162]
B;1;((3, 11), (13, 14), (6, 7), (4, 5, 8));0.683525596878;0.1;12;0.6015625;[170  94 110 154]
B;1;((3, 11), (13, 14), (6, 7), (4, 5, 8));0.647790507443;0.2;8;0.0315023427375;[14202  9609   106   158]
B;1;((3, 11), (13, 14), (9, 10, 12), (4, 5, 8));0.721648301194;0.1;10;0.635477582846;[178  86 101 163]
B;1;((3, 11), (13, 14), (9, 10, 12), (4, 5, 8));0.701309189285;0.1;10;0.0365266106443;[15313  8498   101   163]
B;1;((3, 11), (6, 7), (9, 10, 12), (4, 5, 8));0.698045798898;0.1;10;0.62669245648;[173  91 102 162]
B;1;((3, 11), (6, 7), (9, 10, 12), (4, 5, 8));0.670919459812;0.1;10;0.033894758866;[14678  9133   102   162]
B;1;((13, 14), (6, 7), (9, 10, 12), (4, 5, 8));0.684393652433;0.1;8;0.452926208651;[224  40 175  89]
B;1;((13, 14), (6, 7), (9, 10, 12), (4, 5, 8));0.682747374208;0.1;10;0.0424096385542;[20013  3798   176    88]
B;1;((3, 11), (13, 14), (6, 7), (9, 10, 12), (4, 5, 8));0.717164543159;0.2;10;0.61811023622;[177  87 107 157]
B;1;((3, 11), (13, 14), (6, 7), (9, 10, 12), (4, 5, 8));0.695477278136;0.1;10;0.0360784313725;[15311  8500   103   161]
B;2;((3, 11),);0.580859144853;0.05;12;0.538370720189;[253 183 208 228]
B;2;((3, 11),);0.556842535136;0.05;8;0.0397686189443;[13231 10408   216   220]
B;2;((13, 14),);0.603576613921;0.05;12;0.674418604651;[131 305  59 377]
B;2;((13, 14),);0.623502367996;0.1;12;0.0442587252075;[ 7460 16179    60   376]
B;2;((6, 7),);0.492982493056;0.05;8;0.0869565217391;[410  26 415  21]
B;2;((6, 7),);0.507852974656;0.05;12;0.0285908781484;[22627  1012   415    21]
B;2;((9, 10, 12),);0.679643443313;0.2;10;0.704301075269;[149 287  43 393]
B;2;((9, 10, 12),);0.683069030303;0.1;10;0.0482445371962;[ 8176 15463    43   393]
B;2;((4, 5, 8),);0.515515844626;0.2;12;0.111801242236;[416  20 409  27]
B;2;((4, 5, 8),);0.515481239019;0.2;12;0.0347266881029;[22547  1092   409    27]
B;2;((3, 11), (13, 14));0.654690261762;0.2;12;0.607798165138;[265 171 171 265]
B;2;((3, 11), (13, 14));0.649719296482;0.2;12;0.0505339435545;[13852  9787   171   265]
B;2;((3, 11), (6, 7));0.580362027607;0.05;10;0.533018867925;[250 186 210 226]
B;2;((3, 11), (6, 7));0.56136026959;0.05;8;0.040049618997;[13015 10624   210   226]
B;2;((3, 11), (9, 10, 12));0.713957684538;0.05;12;0.638792102207;[286 150 161 275]
B;2;((3, 11), (9, 10, 12));0.692396108359;0.05;8;0.0560372171706;[14882  8757   171   265]
B;2;((3, 11), (4, 5, 8));0.563654679741;0.05;10;0.529411764706;[247 189 211 225]
B;2;((3, 11), (4, 5, 8));0.562906802279;0.05;8;0.0404535147392;[13273 10366   213   223]
B;2;((13, 14), (6, 7));0.604260478916;0.1;10;0.673214285714;[129 307  59 377]
B;2;((13, 14), (6, 7));0.618990406539;0.1;12;0.0440388578157;[ 7464 16175    62   374]
B;2;((13, 14), (9, 10, 12));0.717642664759;0.05;12;0.717153284672;[169 267  43 393]
B;2;((13, 14), (9, 10, 12));0.701818271081;0.05;12;0.0496588324488;[ 8640 14999    43   393]
B;2;((13, 14), (4, 5, 8));0.605822847403;0.1;10;0.672629695886;[130 306  60 376]
B;2;((13, 14), (4, 5, 8));0.623447500263;0.2;8;0.0441029851622;[ 7400 16239    60   376]
B;2;((6, 7), (9, 10, 12));0.676750168336;0.1;12;0.706512042819;[147 289  40 396]
B;2;((6, 7), (9, 10, 12));0.685984345571;0.1;12;0.0484907855262;[ 8138 15501    40   396]
B;2;((6, 7), (4, 5, 8));0.509508353674;0.2;12;0.103734439834;[415  21 411  25]
B;2;((6, 7), (4, 5, 8));0.511129757193;0.2;12;0.0319693094629;[22536  1103   411    25]
B;2;((9, 10, 12), (4, 5, 8));0.671489668378;0.2;12;0.704525288376;[142 294  39 397]
B;2;((9, 10, 12), (4, 5, 8));0.682147582269;0.1;12;0.0483870967742;[ 8103 15536    40   396]
B;2;((3, 11), (13, 14), (6, 7));0.659182728727;0.05;12;0.609896432681;[268 168 171 265]
B;2;((3, 11), (13, 14), (6, 7));0.655992410303;0.2;12;0.0513459143596;[13904  9735   168   268]
B;2;((3, 11), (13, 14), (9, 10, 12));0.741830443565;0.05;12;0.640382317802;[303 133 168 268]
B;2;((3, 11), (13, 14), (9, 10, 12));0.721115801092;0.05;12;0.0611174458381;[15573  8066   168   268]
B;2;((3, 11), (13, 14), (4, 5, 8));0.652617624779;0.2;12;0.604166666667;[269 167 175 261]
B;2;((3, 11), (13, 14), (4, 5, 8));0.650889080438;0.2;12;0.0510813191115;[14117  9522   175   261]
B;2;((3, 11), (6, 7), (9, 10, 12));0.698607545661;0.2;12;0.647531572905;[283 153 154 282]
B;2;((3, 11), (6, 7), (9, 10, 12));0.692101685482;0.05;12;0.0574880233285;[14749  8890   160   276]
B;2;((3, 11), (6, 7), (4, 5, 8));0.571124589681;0.05;12;0.518343195266;[246 190 217 219]
B;2;((3, 11), (6, 7), (4, 5, 8));0.562971906168;0.05;8;0.0396761853928;[13057 10582   213   223]
B;2;((3, 11), (9, 10, 12), (4, 5, 8));0.702876441377;0.1;12;0.640732265446;[278 158 156 280]
B;2;((3, 11), (9, 10, 12), (4, 5, 8));0.691761806314;0.1;12;0.0573946909911;[14598  9041   156   280]
B;2;((13, 14), (6, 7), (9, 10, 12));0.696563841427;0.2;8;0.708220415537;[157 279  44 392]
B;2;((13, 14), (6, 7), (9, 10, 12));0.69712623091;0.2;8;0.0491351215844;[ 8511 15128    44   392]
B;2;((13, 14), (6, 7), (4, 5, 8));0.595117729989;0.1;12;0.665477252453;[124 312  63 373]
B;2;((13, 14), (6, 7), (4, 5, 8));0.620626930073;0.1;10;0.0440777843253;[ 7479 16160    62   374]
B;2;((13, 14), (9, 10, 12), (4, 5, 8));0.708026470836;0.1;12;0.718041704442;[165 271  40 396]
B;2;((13, 14), (9, 10, 12), (4, 5, 8));0.697656764537;0.2;12;0.0495732931727;[ 8534 15105    41   395]
B;2;((6, 7), (9, 10, 12), (4, 5, 8));0.676750168336;0.2;12;0.707338638373;[141 295  36 400]
B;2;((6, 7), (9, 10, 12), (4, 5, 8));0.688712838875;0.2;12;0.0487270069436;[ 8057 15582    36   400]
B;2;((3, 11), (13, 14), (6, 7), (9, 10, 12));0.737311674102;0.05;10;0.655737704918;[298 138 156 280]
B;2;((3, 11), (13, 14), (6, 7), (9, 10, 12));0.719990988302;0.05;12;0.061141154398;[15291  8348   159   277]
B;2;((3, 11), (13, 14), (6, 7), (4, 5, 8));0.650947416042;0.05;10;0.597462514418;[264 172 177 259]
B;2;((3, 11), (13, 14), (6, 7), (4, 5, 8));0.653595160928;0.2;10;0.051524507912;[13978  9661   169   267]
B;2;((3, 11), (13, 14), (9, 10, 12), (4, 5, 8));0.740489016076;0.05;12;0.644470868014;[302 134 165 271]
B;2;((3, 11), (13, 14), (9, 10, 12), (4, 5, 8));0.721919266521;0.05;12;0.0607623318386;[15426  8213   165   271]
B;2;((3, 11), (6, 7), (9, 10, 12), (4, 5, 8));0.697984176416;0.2;12;0.643598615917;[284 152 157 279]
B;2;((3, 11), (6, 7), (9, 10, 12), (4, 5, 8));0.68844640776;0.2;12;0.0567073170732;[14514  9125   157   279]
B;2;((13, 14), (6, 7), (9, 10, 12), (4, 5, 8));0.704433549365;0.1;12;0.713896457766;[164 272  43 393]
B;2;((13, 14), (6, 7), (9, 10, 12), (4, 5, 8));0.698880057874;0.1;12;0.0494775273826;[ 8582 15057    43   393]
B;2;((3, 11), (13, 14), (6, 7), (9, 10, 12), (4, 5, 8));0.733082232135;0.05;12;0.646989374262;[299 137 162 274]
B;2;((3, 11), (13, 14), (6, 7), (9, 10, 12), (4, 5, 8));0.715673853386;0.05;12;0.0603391323497;[15267  8372   162   274]
B;0;((3, 11),);0.607979609842;0.05;12;0.512820512821;[57 44 51 50]
B;0;((3, 11),);0.578349317371;0.1;10;0.0100426338228;[13573 10401    48    53]
B;0;((13, 14),);0.634153514361;0.05;12;0.650980392157;[30 71 18 83]
B;0;((13, 14),);0.632209646259;0.05;12;0.0102729129278;[ 7999 15975    18    83]
B;0;((6, 7),);0.514459366729;0.05;8;0.659793814433;[ 7 94  5 96]
B;0;((6, 7),);0.504300037912;0.2;8;0.00842659644503;[ 1386 22588     5    96]
B;0;((9, 10, 12),);0.64106460151;0.05;12;0.645669291339;[30 71 19 82]
B;0;((9, 10, 12),);0.647464208338;0.05;10;0.0104279264958;[ 8430 15544    19    82]
B;0;((4, 5, 8),);0.542495833742;0.2;8;0.673469387755;[ 7 94  2 99]
B;0;((4, 5, 8),);0.536537106618;0.05;8;0.00876183733074;[ 1576 22398     2    99]
B;0;((3, 11), (13, 14));0.709440250956;0.05;10;0.666666666667;[68 33 34 67]
B;0;((3, 11), (13, 14));0.671969096885;0.05;10;0.0138386863575;[14459  9515    34    67]
B;0;((3, 11), (6, 7));0.61528281541;0.2;10;0.548223350254;[59 42 47 54]
B;0;((3, 11), (6, 7));0.588838196825;0.1;10;0.0106184798808;[13396 10578    44    57]
B;0;((3, 11), (9, 10, 12));0.744730908734;0.05;12;0.632653061224;[68 33 39 62]
B;0;((3, 11), (9, 10, 12));0.694148033307;0.05;10;0.0137062009506;[15090  8884    39    62]
B;0;((3, 11), (4, 5, 8));0.625673953534;0.1;12;0.56038647343;[53 48 43 58]
B;0;((3, 11), (4, 5, 8));0.598624582572;0.1;10;0.0108920187793;[13483 10491    43    58]
B;0;((13, 14), (6, 7));0.62003725125;0.2;12;0.637795275591;[29 72 20 81]
B;0;((13, 14), (6, 7));0.626883951013;0.2;10;0.0101692813294;[ 8030 15944    19    82]
B;0;((13, 14), (9, 10, 12));0.652485050485;0.05;8;0.636734693878;[35 66 23 78]
B;0;((13, 14), (9, 10, 12));0.644726919509;0.05;8;0.010329757648;[ 9051 14923    23    78]
B;0;((13, 14), (4, 5, 8));0.652485050485;0.1;12;0.661478599222;[30 71 16 85]
B;0;((13, 14), (4, 5, 8));0.644551399329;0.2;10;0.0105013126641;[ 8161 15813    17    84]
B;0;((6, 7), (9, 10, 12));0.650573473189;0.1;8;0.65625;[30 71 17 84]
B;0;((6, 7), (9, 10, 12));0.657101918167;0.1;8;0.0105993690852;[ 8309 15665    17    84]
B;0;((6, 7), (4, 5, 8));0.523282031173;0.1;10;0.668918918919;[ 5 96  2 99]
B;0;((6, 7), (4, 5, 8));0.540837351025;0.1;10;0.00880352140856;[ 1683 22291     2    99]
B;0;((9, 10, 12), (4, 5, 8));0.637192432114;0.2;8;0.653846153846;[27 74 16 85]
B;0;((9, 10, 12), (4, 5, 8));0.657949783883;0.2;8;0.0107113603428;[ 8289 15685    16    85]
B;0;((3, 11), (13, 14), (6, 7));0.712332124302;0.05;12;0.649746192893;[69 32 37 64]
B;0;((3, 11), (13, 14), (6, 7));0.661025723412;0.05;10;0.0133750404487;[14866  9108    39    62]
B;0;((3, 11), (13, 14), (9, 10, 12));0.753014410352;0.05;12;0.65306122449;[70 31 37 64]
B;0;((3, 11), (13, 14), (9, 10, 12));0.702886873321;0.05;10;0.0136970921747;[15229  8745    40    61]
B;0;((3, 11), (13, 14), (4, 5, 8));0.712724242721;0.05;10;0.642857142857;[69 32 38 63]
B;0;((3, 11), (13, 14), (4, 5, 8));0.671309966986;0.05;10;0.0135440180587;[14835  9139    38    63]
B;0;((3, 11), (6, 7), (9, 10, 12));0.738604058426;0.05;12;0.636363636364;[67 34 38 63]
B;0;((3, 11), (6, 7), (9, 10, 12));0.69902191896;0.05;10;0.0137329700272;[14963  9011    38    63]
B;0;((3, 11), (6, 7), (4, 5, 8));0.618419762768;0.1;12;0.554455445545;[56 45 45 56]
B;0;((3, 11), (6, 7), (4, 5, 8));0.600151814631;0.1;10;0.0112274024738;[13624 10350    42    59]
B;0;((3, 11), (9, 10, 12), (4, 5, 8));0.734290755808;0.05;10;0.649746192893;[69 32 37 64]
B;0;((3, 11), (9, 10, 12), (4, 5, 8));0.695916450742;0.05;10;0.0140736668499;[15044  8930    37    64]
B;0;((13, 14), (6, 7), (9, 10, 12));0.650524458386;0.1;12;0.63967611336;[34 67 22 79]
B;0;((13, 14), (6, 7), (9, 10, 12));0.652380218834;0.1;12;0.0103756238508;[ 8926 15048    22    79]
B;0;((13, 14), (6, 7), (4, 5, 8));0.643956474855;0.2;10;0.65625;[30 71 17 84]
B;0;((13, 14), (6, 7), (4, 5, 8));0.645776943174;0.2;10;0.0105230191043;[ 8194 15780    17    84]
B;0;((13, 14), (9, 10, 12), (4, 5, 8));0.645819037349;0.05;10;0.637096774194;[33 68 22 79]
B;0;((13, 14), (9, 10, 12), (4, 5, 8));0.652505147904;0.05;8;0.010432485969;[ 9009 14965    22    79]
B;0;((6, 7), (9, 10, 12), (4, 5, 8));0.630085285756;0.2;12;0.640625;[28 73 19 82]
B;0;((6, 7), (9, 10, 12), (4, 5, 8));0.656340573575;0.05;10;0.0105665181413;[ 8448 15526    18    83]
B;0;((3, 11), (13, 14), (6, 7), (9, 10, 12));0.756886579747;0.1;10;0.663212435233;[73 28 37 64]
B;0;((3, 11), (13, 14), (6, 7), (9, 10, 12));0.714363621646;0.05;8;0.0149821366832;[15463  8511    36    65]
B;0;((3, 11), (13, 14), (6, 7), (4, 5, 8));0.718998137438;0.05;8;0.666666666667;[68 33 34 67]
B;0;((3, 11), (13, 14), (6, 7), (4, 5, 8));0.673631789224;0.05;8;0.014139495621;[14665  9309    34    67]
B;0;((3, 11), (13, 14), (9, 10, 12), (4, 5, 8));0.761444956377;0.05;12;0.673469387755;[72 29 35 66]
B;0;((3, 11), (13, 14), (9, 10, 12), (4, 5, 8));0.717124863817;0.05;8;0.0152567459866;[15359  8615    34    67]
B;0;((3, 11), (6, 7), (9, 10, 12), (4, 5, 8));0.738260954808;0.05;12;0.642857142857;[69 32 38 63]
B;0;((3, 11), (6, 7), (9, 10, 12), (4, 5, 8));0.693409609585;0.05;10;0.0139160687106;[14941  9033    37    64]
B;0;((13, 14), (6, 7), (9, 10, 12), (4, 5, 8));0.646407214979;0.1;8;0.637096774194;[33 68 22 79]
B;0;((13, 14), (6, 7), (9, 10, 12), (4, 5, 8));0.652301544495;0.05;12;0.0104139203796;[ 8982 14992    22    79]
B;0;((3, 11), (13, 14), (6, 7), (9, 10, 12), (4, 5, 8));0.767375747476;0.05;10;0.652849740933;[72 29 38 63]
B;0;((3, 11), (13, 14), (6, 7), (9, 10, 12), (4, 5, 8));0.716263782464;0.05;8;0.0149304377333;[15300  8674    35    66]
B;1;((3, 11),);0.558727887617;0.05;8;0.521920668058;[142 106 123 125]
B;1;((3, 11),);0.551644532429;0.05;10;0.0219125251994;[12791 11036   123   125]
B;1;((13, 14),);0.653185158689;0.1;12;0.678571428571;[ 89 159  39 209]
B;1;((13, 14),);0.641461147357;0.2;10;0.0254560882478;[ 7786 16041    38   210]
B;1;((6, 7),);0.505625650364;0.2;10;0.661157024793;[ 10 238   8 240]
B;1;((6, 7),);0.5131611502;0.2;10;0.0208695652174;[ 1315 22512     8   240]
B;1;((9, 10, 12),);0.661729318418;0.05;12;0.676767676768;[103 145  47 201]
B;1;((9, 10, 12),);0.637392673939;0.05;12;0.0257296466974;[ 8652 15175    47   201]
B;1;((4, 5, 8),);0.515860757024;0.2;10;0.664804469274;[ 18 230  10 238]
B;1;((4, 5, 8),);0.508757684763;0.2;10;0.0208579816835;[ 1492 22335    10   238]
B;1;((3, 11), (13, 14));0.648770811655;0.05;8;0.590163934426;[152  96 104 144]
B;1;((3, 11), (13, 14));0.650900916147;0.05;8;0.0293099938938;[14393  9434   104   144]
B;1;((3, 11), (6, 7));0.560589555151;0.1;12;0.528455284553;[134 114 118 130]
B;1;((3, 11), (6, 7));0.559449025705;0.1;12;0.022903453136;[12853 10974   118   130]
B;1;((3, 11), (9, 10, 12));0.683589685224;0.05;12;0.617021276596;[171  77 103 145]
B;1;((3, 11), (9, 10, 12));0.666342195151;0.05;12;0.0331580150926;[15474  8353   103   145]
B;1;((3, 11), (4, 5, 8));0.584653030697;0.1;8;0.538775510204;[138 110 116 132]
B;1;((3, 11), (4, 5, 8));0.575870657711;0.1;8;0.0236665172568;[13052 10775   116   132]
B;1;((13, 14), (6, 7));0.628032323101;0.1;12;0.654545454545;[ 89 159  50 198]
B;1;((13, 14), (6, 7));0.621178264831;0.1;10;0.0247783311065;[ 7813 16014    44   204]
B;1;((13, 14), (9, 10, 12));0.687239854318;0.1;12;0.690235690236;[107 141  43 205]
B;1;((13, 14), (9, 10, 12));0.670577191503;0.1;10;0.0269513008672;[ 9287 14540    46   202]
B;1;((13, 14), (4, 5, 8));0.655607765349;0.2;12;0.678868552413;[ 99 149  44 204]
B;1;((13, 14), (4, 5, 8));0.628113674241;0.2;10;0.0250974658869;[ 7865 15962    42   206]
B;1;((6, 7), (9, 10, 12));0.657225546306;0.1;8;0.674536256324;[103 145  48 200]
B;1;((6, 7), (9, 10, 12));0.638233327061;0.05;12;0.0258361578308;[ 8640 15187    46   202]
B;1;((6, 7), (4, 5, 8));0.508267754943;0.05;10;0.66106442577;[ 18 230  12 236]
B;1;((6, 7), (4, 5, 8));0.501959606004;0.1;8;0.0206981231363;[ 1507 22320    12   236]
B;1;((9, 10, 12), (4, 5, 8));0.657388137357;0.05;10;0.674457429048;[ 99 149  46 202]
B;1;((9, 10, 12), (4, 5, 8));0.640470302056;0.05;10;0.0257406817458;[ 8582 15245    46   202]
B;1;((3, 11), (13, 14), (6, 7));0.645998634235;0.05;12;0.589690721649;[154  94 105 143]
B;1;((3, 11), (13, 14), (6, 7));0.640608986552;0.05;10;0.0286203769021;[14294  9533   106   142]
B;1;((3, 11), (13, 14), (9, 10, 12));0.704694003642;0.05;12;0.613778705637;[164  84 101 147]
B;1;((3, 11), (13, 14), (9, 10, 12));0.695800423618;0.05;12;0.0343859649123;[15672  8155   101   147]
B;1;((3, 11), (13, 14), (4, 5, 8));0.639340530697;0.05;10;0.599597585513;[148 100  99 149]
B;1;((3, 11), (13, 14), (4, 5, 8));0.649606301878;0.05;8;0.0296627387241;[14377  9450   102   146]
B;1;((3, 11), (6, 7), (9, 10, 12));0.685085522893;0.05;12;0.607218683652;[168  80 105 143]
B;1;((3, 11), (6, 7), (9, 10, 12));0.657166933825;0.05;12;0.0315082075576;[15141  8686   105   143]
B;1;((3, 11), (6, 7), (4, 5, 8));0.582409274194;0.05;12;0.540880503145;[148 100 119 129]
B;1;((3, 11), (6, 7), (4, 5, 8));0.569462909386;0.05;12;0.0235659481184;[13256 10571   119   129]
B;1;((3, 11), (9, 10, 12), (4, 5, 8));0.685053004683;0.1;12;0.609243697479;[165  83 103 145]
B;1;((3, 11), (9, 10, 12), (4, 5, 8));0.663573243691;0.1;12;0.0313411866422;[14967  8860   103   145]
B;1;((13, 14), (6, 7), (9, 10, 12));0.678931451613;0.1;10;0.680134680135;[104 144  46 202]
B;1;((13, 14), (6, 7), (9, 10, 12));0.670870468173;0.2;12;0.0272334772501;[ 9225 14602    43   205]
B;1;((13, 14), (6, 7), (4, 5, 8));0.639608805931;0.05;10;0.666666666667;[ 96 152  48 200]
B;1;((13, 14), (6, 7), (4, 5, 8));0.624704777177;0.1;12;0.0248075278015;[ 7912 15915    45   203]
B;1;((13, 14), (9, 10, 12), (4, 5, 8));0.69333701873;0.1;8;0.69243697479;[107 141  42 206]
B;1;((13, 14), (9, 10, 12), (4, 5, 8));0.665930880121;0.2;8;0.0268224671358;[ 9215 14612    46   202]
B;1;((6, 7), (9, 10, 12), (4, 5, 8));0.667891519251;0.1;10;0.677908937605;[104 144  47 201]
B;1;((6, 7), (9, 10, 12), (4, 5, 8));0.636605413078;0.1;10;0.0256018341613;[ 8574 15253    47   201]
B;1;((3, 11), (13, 14), (6, 7), (9, 10, 12));0.703750975546;0.05;12;0.611464968153;[169  79 104 144]
B;1;((3, 11), (13, 14), (6, 7), (9, 10, 12));0.690429382092;0.05;12;0.033617368974;[15652  8175   104   144]
B;1;((3, 11), (13, 14), (6, 7), (4, 5, 8));0.643697970864;0.05;8;0.60206185567;[157  91 102 146]
B;1;((3, 11), (13, 14), (6, 7), (4, 5, 8));0.643671976221;0.05;8;0.0300318831636;[14498  9329   102   146]
B;1;((3, 11), (13, 14), (9, 10, 12), (4, 5, 8));0.698556191467;0.05;10;0.616033755274;[168  80 102 146]
B;1;((3, 11), (13, 14), (9, 10, 12), (4, 5, 8));0.692537911044;0.05;8;0.0336249006021;[15420  8407   100   148]
B;1;((3, 11), (6, 7), (9, 10, 12), (4, 5, 8));0.691597294485;0.05;12;0.60475161987;[173  75 108 140]
B;1;((3, 11), (6, 7), (9, 10, 12), (4, 5, 8));0.663180374798;0.05;12;0.0309050772627;[15155  8672   108   140]
B;1;((13, 14), (6, 7), (9, 10, 12), (4, 5, 8));0.7072710718;0.2;10;0.703703703704;[111 137  39 209]
B;1;((13, 14), (6, 7), (9, 10, 12), (4, 5, 8));0.680400944578;0.2;10;0.0277096453431;[ 9199 14628    39   209]
B;1;((3, 11), (13, 14), (6, 7), (9, 10, 12), (4, 5, 8));0.704141194069;0.05;12;0.611814345992;[167  81 103 145]
B;1;((3, 11), (13, 14), (6, 7), (9, 10, 12), (4, 5, 8));0.690588628108;0.05;8;0.0345273047563;[15707  8120   101   147]
B;2;((3, 11),);0.565620420905;0.05;8;0.529002320186;[234 200 206 228]
B;2;((3, 11),);0.56960901519;0.05;8;0.0404721753794;[13036 10605   206   228]
B;2;((13, 14),);0.646292127673;0.2;12;0.679452054795;[145 289  62 372]
B;2;((13, 14),);0.635933638292;0.2;12;0.0443861114425;[ 7685 15956    62   372]
B;2;((6, 7),);0.535501921893;0.2;12;0.666666666667;[ 20 414  10 424]
B;2;((6, 7),);0.524449196575;0.2;8;0.0361285903857;[ 1136 22505    12   422]
B;2;((9, 10, 12),);0.671080294761;0.05;12;0.691109074244;[154 280  57 377]
B;2;((9, 10, 12),);0.67500955635;0.05;12;0.0474542136069;[ 8563 15078    57   377]
B;2;((4, 5, 8),);0.532109409841;0.2;10;0.665083135392;[ 25 409  14 420]
B;2;((4, 5, 8),);0.529764495681;0.1;12;0.0364409353173;[ 1444 22197    14   420]
B;2;((3, 11), (13, 14));0.661935377689;0.1;10;0.607798165138;[261 173 169 265]
B;2;((3, 11), (13, 14));0.659684602455;0.1;10;0.0519607843137;[14140  9501   169   265]
B;2;((3, 11), (6, 7));0.569411115122;0.1;12;0.534583821805;[243 191 206 228]
B;2;((3, 11), (6, 7));0.571735388239;0.05;8;0.0406162464986;[12883 10758   202   232]
B;2;((3, 11), (9, 10, 12));0.683875215018;0.1;10;0.617886178862;[273 161 168 266]
B;2;((3, 11), (9, 10, 12));0.688777765801;0.05;10;0.0570706538907;[14849  8792   163   271]
B;2;((3, 11), (4, 5, 8));0.573661046104;0.05;10;0.540540540541;[247 187 204 230]
B;2;((3, 11), (4, 5, 8));0.568415519239;0.05;10;0.0413445982384;[13179 10462   204   230]
B;2;((13, 14), (6, 7));0.643372125125;0.2;12;0.68;[142 292  60 374]
B;2;((13, 14), (6, 7));0.638567116762;0.2;12;0.0447877372612;[ 7748 15893    60   374]
B;2;((13, 14), (9, 10, 12));0.691926458409;0.05;8;0.698795180723;[166 268  57 377]
B;2;((13, 14), (9, 10, 12));0.685713155131;0.2;12;0.0481464882515;[ 8832 14809    58   376]
B;2;((13, 14), (4, 5, 8));0.647972456412;0.2;12;0.679522497704;[149 285  64 370]
B;2;((13, 14), (4, 5, 8));0.633353765046;0.1;8;0.044404440444;[ 7780 15861    64   370]
B;2;((6, 7), (9, 10, 12));0.649161693814;0.1;12;0.675849403122;[147 287  66 368]
B;2;((6, 7), (9, 10, 12));0.659041680888;0.1;12;0.0461470938617;[ 8494 15147    66   368]
B;2;((6, 7), (4, 5, 8));0.523498056871;0.1;10;0.661916072842;[ 23 411  16 418]
B;2;((6, 7), (4, 5, 8));0.527848547503;0.1;8;0.0363541711856;[ 1443 22198    15   419]
B;2;((9, 10, 12), (4, 5, 8));0.668502728875;0.05;8;0.688644688645;[152 282  58 376]
B;2;((9, 10, 12), (4, 5, 8));0.661261473224;0.2;8;0.0463055416875;[ 8422 15219    63   371]
B;2;((3, 11), (13, 14), (6, 7));0.657637664847;0.2;8;0.611363636364;[257 177 165 269]
B;2;((3, 11), (13, 14), (6, 7));0.653923502811;0.2;8;0.051825450342;[13963  9678   165   269]
B;2;((3, 11), (13, 14), (9, 10, 12));0.705557561214;0.05;12;0.633569739953;[290 144 166 268]
B;2;((3, 11), (13, 14), (9, 10, 12));0.706827570707;0.05;12;0.0603671584638;[15464  8177   166   268]
B;2;((3, 11), (13, 14), (4, 5, 8));0.652434751216;0.2;12;0.60788863109;[268 166 172 262]
B;2;((3, 11), (13, 14), (4, 5, 8));0.648446608319;0.2;10;0.0523407967432;[14028  9613   164   270]
B;2;((3, 11), (6, 7), (9, 10, 12));0.674674552443;0.1;12;0.615384615385;[274 160 170 264]
B;2;((3, 11), (6, 7), (9, 10, 12));0.678995250967;0.05;12;0.0551902554705;[15054  8587   178   256]
B;2;((3, 11), (6, 7), (4, 5, 8));0.579201087303;0.05;12;0.545454545455;[244 190 200 234]
B;2;((3, 11), (6, 7), (4, 5, 8));0.58657029292;0.05;8;0.0430400435849;[13299 10342   197   237]
B;2;((3, 11), (9, 10, 12), (4, 5, 8));0.672840259933;0.1;8;0.606767794632;[271 163 174 260]
B;2;((3, 11), (9, 10, 12), (4, 5, 8));0.679201826008;0.05;10;0.0562292091426;[15018  8623   172   262]
B;2;((13, 14), (6, 7), (9, 10, 12));0.690631039096;0.2;10;0.698060941828;[163 271  56 378]
B;2;((13, 14), (6, 7), (9, 10, 12));0.689655137125;0.2;10;0.0486173633441;[ 8903 14738    56   378]
B;2;((13, 14), (6, 7), (4, 5, 8));0.645509036081;0.2;8;0.67941712204;[143 291  61 373]
B;2;((13, 14), (6, 7), (4, 5, 8));0.640834520283;0.2;8;0.0447779111645;[ 7788 15853    61   373]
B;2;((13, 14), (9, 10, 12), (4, 5, 8));0.687222599758;0.2;12;0.696608615949;[157 277  54 380]
B;2;((13, 14), (9, 10, 12), (4, 5, 8));0.694065628779;0.2;12;0.0489249388438;[ 8921 14720    54   380]
B;2;((6, 7), (9, 10, 12), (4, 5, 8));0.654693771369;0.2;12;0.680036463081;[144 290  61 373]
B;2;((6, 7), (9, 10, 12), (4, 5, 8));0.662476118873;0.2;8;0.0467880152624;[ 8462 15179    60   374]
B;2;((3, 11), (13, 14), (6, 7), (9, 10, 12));0.706929962412;0.1;8;0.633294528522;[281 153 162 272]
B;2;((3, 11), (13, 14), (6, 7), (9, 10, 12));0.706272707904;0.2;12;0.0604550379198;[15124  8517   155   279]
B;2;((3, 11), (13, 14), (6, 7), (4, 5, 8));0.65120304105;0.2;8;0.598370197905;[266 168 177 257]
B;2;((3, 11), (13, 14), (6, 7), (4, 5, 8));0.650987495948;0.2;8;0.0502247410592;[14098  9543   177   257]
B;2;((3, 11), (13, 14), (9, 10, 12), (4, 5, 8));0.707052071609;0.1;10;0.633526011561;[277 157 160 274]
B;2;((3, 11), (13, 14), (9, 10, 12), (4, 5, 8));0.708498348082;0.05;8;0.0601709401709;[15564  8077   170   264]
B;2;((3, 11), (6, 7), (9, 10, 12), (4, 5, 8));0.680421648368;0.1;10;0.618823529412;[281 153 171 263]
B;2;((3, 11), (6, 7), (9, 10, 12), (4, 5, 8));0.680813296513;0.1;10;0.0552695177052;[14821  8820   171   263]
B;2;((13, 14), (6, 7), (9, 10, 12), (4, 5, 8));0.69590297097;0.2;10;0.701657458564;[163 271  53 381]
B;2;((13, 14), (6, 7), (9, 10, 12), (4, 5, 8));0.693252486259;0.2;10;0.0487929820068;[ 8839 14802    53   381]
B;2;((3, 11), (13, 14), (6, 7), (9, 10, 12), (4, 5, 8));0.704960287965;0.1;10;0.630588235294;[286 148 166 268]
B;2;((3, 11), (13, 14), (6, 7), (9, 10, 12), (4, 5, 8));0.707288039583;0.05;8;0.0590904061082;[15305  8336   167   267]
B;0;((3, 11),);0.602722117202;0.2;10;0.599156118143;[64 51 44 71]
B;0;((3, 11),);0.605753248167;0.2;10;0.0135846168564;[13693 10267    44    71]
B;0;((13, 14),);0.697051039698;0.1;12;0.715789473684;[ 47  68  13 102]
B;0;((13, 14),);0.642982870001;0.05;12;0.0127839146084;[ 8064 15896    12   103]
B;0;((6, 7),);0.517958412098;0.1;10;0.670694864048;[ 10 105   4 111]
B;0;((6, 7),);0.497027473325;0.2;8;0.00967741935484;[ 1246 22714     4   111]
B;0;((9, 10, 12),);0.701701323251;0.05;10;0.72602739726;[ 44  71   9 106]
B;0;((9, 10, 12),);0.692947847862;0.05;12;0.013698630137;[ 8705 15255     9   106]
B;0;((4, 5, 8),);0.521096408318;0.2;8;0.678571428571;[  8 107   1 114]
B;0;((4, 5, 8),);0.530524424766;0.2;8;0.0100604509553;[ 1526 22434     1   114]
B;0;((3, 11), (13, 14));0.709300567108;0.1;12;0.672340425532;[74 41 36 79]
B;0;((3, 11), (13, 14));0.694393735937;0.1;12;0.0170718530524;[14899  9061    36    79]
B;0;((3, 11), (6, 7));0.623327032136;0.2;8;0.586206896552;[66 49 47 68]
B;0;((3, 11), (6, 7));0.596115808957;0.1;10;0.0129796839729;[13512 10448    46    69]
B;0;((3, 11), (9, 10, 12));0.737429111531;0.2;12;0.681034482759;[77 38 36 79]
B;0;((3, 11), (9, 10, 12));0.719126079698;0.05;10;0.0175666883539;[14934  9026    34    81]
B;0;((3, 11), (4, 5, 8));0.614744801512;0.2;8;0.625;[65 50 40 75]
B;0;((3, 11), (4, 5, 8));0.613585141903;0.05;12;0.0135657089025;[13532 10428    43    72]
B;0;((13, 14), (6, 7));0.682230623819;0.05;12;0.708771929825;[ 46  69  14 101]
B;0;((13, 14), (6, 7));0.636271684692;0.05;12;0.0125286857285;[ 8053 15907    14   101]
B;0;((13, 14), (9, 10, 12));0.711153119093;0.05;12;0.716845878136;[ 51  64  15 100]
B;0;((13, 14), (9, 10, 12));0.688803440517;0.05;8;0.0137746573052;[ 9223 14737    12   103]
B;0;((13, 14), (4, 5, 8));0.674366729679;0.05;12;0.715277777778;[ 45  70  12 103]
B;0;((13, 14), (4, 5, 8));0.642640632939;0.05;12;0.0128589263421;[ 8158 15802    12   103]
B;0;((6, 7), (9, 10, 12));0.69247637051;0.2;10;0.716723549488;[ 42  73  10 105]
B;0;((6, 7), (9, 10, 12));0.679659940481;0.2;12;0.0133562297272;[ 8457 15503    10   105]
B;0;((6, 7), (4, 5, 8));0.538827977316;0.2;8;0.678787878788;[ 12 103   3 112]
B;0;((6, 7), (4, 5, 8));0.509381940916;0.05;8;0.00983102918587;[ 1402 22558     3   112]
B;0;((9, 10, 12), (4, 5, 8));0.678412098299;0.2;12;0.718120805369;[ 39  76   8 107]
B;0;((9, 10, 12), (4, 5, 8));0.691160811497;0.1;12;0.0137638281451;[ 8634 15326     8   107]
B;0;((3, 11), (13, 14), (6, 7));0.719319470699;0.05;12;0.669456066946;[71 44 35 80]
B;0;((3, 11), (13, 14), (6, 7));0.694492632649;0.05;12;0.0167276529012;[14590  9370    35    80]
B;0;((3, 11), (13, 14), (9, 10, 12));0.773459357278;0.05;10;0.710526315789;[83 32 34 81]
B;0;((3, 11), (13, 14), (9, 10, 12));0.734980402119;0.05;10;0.018954018954;[15609  8351    34    81]
B;0;((3, 11), (13, 14), (4, 5, 8));0.721587901701;0.05;12;0.669456066946;[71 44 35 80]
B;0;((3, 11), (13, 14), (4, 5, 8));0.698956594324;0.05;12;0.016628559551;[14533  9427    35    80]
B;0;((3, 11), (6, 7), (9, 10, 12));0.753572778828;0.05;8;0.672340425532;[74 41 36 79]
B;0;((3, 11), (6, 7), (9, 10, 12));0.719154750671;0.05;8;0.0166596372838;[14670  9290    36    79]
B;0;((3, 11), (6, 7), (4, 5, 8));0.627485822306;0.2;10;0.619246861925;[65 50 41 74]
B;0;((3, 11), (6, 7), (4, 5, 8));0.613227662045;0.2;10;0.0139320342653;[13526 10434    41    74]
B;0;((3, 11), (9, 10, 12), (4, 5, 8));0.75965973535;0.1;8;0.712446351931;[80 35 32 83]
B;0;((3, 11), (9, 10, 12), (4, 5, 8));0.728308956957;0.05;8;0.0168580760721;[14664  9296    35    80]
B;0;((13, 14), (6, 7), (9, 10, 12));0.737088846881;0.2;10;0.726618705036;[ 53  62  14 101]
B;0;((13, 14), (6, 7), (9, 10, 12));0.678783661174;0.05;8;0.0134573520681;[ 9018 14942    13   102]
B;0;((13, 14), (6, 7), (4, 5, 8));0.677088846881;0.1;12;0.702127659574;[47 68 16 99]
B;0;((13, 14), (6, 7), (4, 5, 8));0.628292081005;0.1;12;0.0123556942278;[ 8149 15811    16    99]
B;0;((13, 14), (9, 10, 12), (4, 5, 8));0.693610586011;0.05;12;0.711267605634;[ 47  68  14 101]
B;0;((13, 14), (9, 10, 12), (4, 5, 8));0.661960876824;0.05;12;0.0133324533034;[ 9025 14935    14   101]
B;0;((6, 7), (9, 10, 12), (4, 5, 8));0.685822306238;0.2;8;0.709459459459;[ 39  76  10 105]
B;0;((6, 7), (9, 10, 12), (4, 5, 8));0.683563729404;0.05;12;0.0135913533105;[ 8729 15231    10   105]
B;0;((3, 11), (13, 14), (6, 7), (9, 10, 12));0.780415879017;0.05;8;0.698689956332;[81 34 35 80]
B;0;((3, 11), (13, 14), (6, 7), (9, 10, 12));0.733355955578;0.05;8;0.0179010964422;[15217  8743    35    80]
B;0;((3, 11), (13, 14), (6, 7), (4, 5, 8));0.729376181474;0.05;12;0.675105485232;[73 42 35 80]
B;0;((3, 11), (13, 14), (6, 7), (4, 5, 8));0.696409777165;0.1;10;0.0170138510197;[14984  8976    37    78]
B;0;((3, 11), (13, 14), (9, 10, 12), (4, 5, 8));0.785293005671;0.05;8;0.713656387665;[84 31 34 81]
B;0;((3, 11), (13, 14), (9, 10, 12), (4, 5, 8));0.731640596647;0.05;10;0.0185503263483;[15423  8537    34    81]
B;0;((3, 11), (6, 7), (9, 10, 12), (4, 5, 8));0.752816635161;0.05;8;0.678111587983;[76 39 36 79]
B;0;((3, 11), (6, 7), (9, 10, 12), (4, 5, 8));0.721428286274;0.05;8;0.0166438428316;[14661  9299    36    79]
B;0;((13, 14), (6, 7), (9, 10, 12), (4, 5, 8));0.737013232514;0.05;10;0.733096085409;[ 52  63  12 103]
B;0;((13, 14), (6, 7), (9, 10, 12), (4, 5, 8));0.682398744284;0.05;10;0.013655044412;[ 9092 14868    12   103]
B;0;((3, 11), (13, 14), (6, 7), (9, 10, 12), (4, 5, 8));0.77550094518;0.05;8;0.704347826087;[81 34 34 81]
B;0;((3, 11), (13, 14), (6, 7), (9, 10, 12), (4, 5, 8));0.7308463381;0.05;8;0.0179960008887;[15154  8806    34    81]
B;1;((3, 11),);0.539443522752;0.2;10;0.550522648084;[146 135 123 158]
B;1;((3, 11),);0.55847843755;0.05;8;0.0264402031168;[12804 10990   130   151]
B;1;((13, 14),);0.625701295576;0.2;12;0.437209302326;[226  55 187  94]
B;1;((13, 14),);0.642084699722;0.1;12;0.0383173677634;[19365  4429   189    92]
B;1;((6, 7),);0.524461442991;0.2;10;0.0869565217391;[276   5 268  13]
B;1;((6, 7),);0.514353180338;0.2;10;0.0188133140376;[22706  1088   268    13]
B;1;((9, 10, 12),);0.663390787857;0.2;12;0.459330143541;[240  41 185  96]
B;1;((9, 10, 12),);0.671230628135;0.05;8;0.0459545343437;[20078  3716   187    94]
B;1;((4, 5, 8),);0.515355681919;0.05;12;0.0740740740741;[276   5 270  11]
B;1;((4, 5, 8),);0.51169939669;0.2;8;0.0174464710547;[22825   969   270    11]
B;1;((3, 11), (13, 14));0.621958941756;0.1;8;0.58041958042;[156 125 115 166]
B;1;((3, 11), (13, 14));0.65420594085;0.05;10;0.0341477774507;[14058  9736   107   174]
B;1;((3, 11), (6, 7));0.564943453097;0.2;8;0.558875219684;[152 129 122 159]
B;1;((3, 11), (6, 7));0.566675201769;0.1;8;0.0264735264735;[12222 11572   122   159]
B;1;((3, 11), (9, 10, 12));0.671806334773;0.1;12;0.628865979381;[163 118  98 183]
B;1;((3, 11), (9, 10, 12));0.692009813174;0.05;10;0.0369161737712;[14450  9344   100   181]
B;1;((3, 11), (4, 5, 8));0.575056040324;0.05;8;0.536412078153;[150 131 130 151]
B;1;((3, 11), (4, 5, 8));0.566523918079;0.05;8;0.0258605925672;[12548 11246   130   151]
B;1;((13, 14), (6, 7));0.625156722939;0.2;12;0.421800947867;[229  52 192  89]
B;1;((13, 14), (6, 7));0.636848399534;0.2;12;0.037098791163;[19366  4428   192    89]
B;1;((13, 14), (9, 10, 12));0.644444725877;0.2;8;0.433734939759;[237  44 191  90]
B;1;((13, 14), (9, 10, 12));0.670031276763;0.2;8;0.0462724935733;[20275  3519   191    90]
B;1;((13, 14), (4, 5, 8));0.619710996568;0.1;12;0.412470023981;[231  50 195  86]
B;1;((13, 14), (4, 5, 8));0.629069965005;0.2;12;0.0361394557823;[19456  4338   196    85]
B;1;((6, 7), (9, 10, 12));0.648332721217;0.1;12;0.446555819477;[235  46 187  94]
B;1;((6, 7), (9, 10, 12));0.663747058456;0.2;12;0.0431855119573;[19861  3933   188    93]
B;1;((6, 7), (4, 5, 8));0.515798938717;0.05;8;0.0743243243243;[277   4 270  11]
B;1;((6, 7), (4, 5, 8));0.507020296094;0.2;8;0.0163710777626;[22621  1173   269    12]
B;1;((9, 10, 12), (4, 5, 8));0.649877787769;0.05;10;0.436893203883;[240  41 191  90]
B;1;((9, 10, 12), (4, 5, 8));0.660548115093;0.2;8;0.0425930259771;[19893  3901   190    91]
B;1;((3, 11), (13, 14), (6, 7));0.636263471841;0.05;10;0.580530973451;[161 120 117 164]
B;1;((3, 11), (13, 14), (6, 7));0.636323281356;0.05;12;0.0321476127069;[13730 10064   112   169]
B;1;((3, 11), (13, 14), (9, 10, 12));0.678163903699;0.1;12;0.625;[166 115 101 180]
B;1;((3, 11), (13, 14), (9, 10, 12));0.711281171694;0.05;8;0.0401561628555;[15290  8504   101   180]
B;1;((3, 11), (13, 14), (4, 5, 8));0.627664289966;0.05;8;0.578571428571;[164 117 119 162]
B;1;((3, 11), (13, 14), (4, 5, 8));0.642936614602;0.05;12;0.0327552986513;[13865  9929   111   170]
B;1;((3, 11), (6, 7), (9, 10, 12));0.672971466927;0.05;8;0.613518197574;[162 119 104 177]
B;1;((3, 11), (6, 7), (9, 10, 12));0.68911253981;0.05;8;0.0373260227752;[14768  9026   104   177]
B;1;((3, 11), (6, 7), (4, 5, 8));0.576145185598;0.05;10;0.552962298025;[159 122 127 154]
B;1;((3, 11), (6, 7), (4, 5, 8));0.568570099164;0.05;8;0.0270816846918;[12856 10938   127   154]
B;1;((3, 11), (9, 10, 12), (4, 5, 8));0.67051455782;0.1;8;0.6243567753;[161 120  99 182]
B;1;((3, 11), (9, 10, 12), (4, 5, 8));0.683302438457;0.05;12;0.0361091388579;[14394  9400   103   178]
B;1;((13, 14), (6, 7), (9, 10, 12));0.660237332354;0.1;8;0.452380952381;[237  44 186  95]
B;1;((13, 14), (6, 7), (9, 10, 12));0.680364259419;0.05;10;0.048491101367;[20292  3502   187    94]
B;1;((13, 14), (6, 7), (4, 5, 8));0.627208368688;0.1;12;0.419277108434;[234  47 194  87]
B;1;((13, 14), (6, 7), (4, 5, 8));0.628164880228;0.1;12;0.0362122788762;[19357  4437   194    87]
B;1;((13, 14), (9, 10, 12), (4, 5, 8));0.655956738137;0.2;10;0.686896551724;[ 86 195  32 249]
B;1;((13, 14), (9, 10, 12), (4, 5, 8));0.675670127671;0.2;10;0.0315669371197;[ 8548 15246    32   249]
B;1;((6, 7), (9, 10, 12), (4, 5, 8));0.660047365155;0.05;10;0.444987775061;[244  37 190  91]
B;1;((6, 7), (9, 10, 12), (4, 5, 8));0.659137804112;0.05;10;0.0428537791382;[19919  3875   190    91]
B;1;((3, 11), (13, 14), (6, 7), (9, 10, 12));0.683147376553;0.05;12;0.626970227671;[170 111 102 179]
B;1;((3, 11), (13, 14), (6, 7), (9, 10, 12));0.712927269861;0.05;8;0.0405797101449;[15287  8507    99   182]
B;1;((3, 11), (13, 14), (6, 7), (4, 5, 8));0.626359848533;0.2;8;0.577464788732;[158 123 117 164]
B;1;((3, 11), (13, 14), (6, 7), (4, 5, 8));0.630649282977;0.2;8;0.0310048208715;[13660 10134   117   164]
B;1;((3, 11), (13, 14), (9, 10, 12), (4, 5, 8));0.677201403224;0.1;12;0.622837370242;[164 117 101 180]
B;1;((3, 11), (13, 14), (9, 10, 12), (4, 5, 8));0.70880177933;0.05;8;0.0412210338681;[15284  8510    96   185]
B;1;((3, 11), (6, 7), (9, 10, 12), (4, 5, 8));0.672585200289;0.2;12;0.63339070568;[165 116  97 184]
B;1;((3, 11), (6, 7), (9, 10, 12), (4, 5, 8));0.684861714891;0.05;12;0.0361324182479;[14346  9448   102   179]
B;1;((13, 14), (6, 7), (9, 10, 12), (4, 5, 8));0.64966249161;0.1;12;0.436450839329;[236  45 190  91]
B;1;((13, 14), (6, 7), (9, 10, 12), (4, 5, 8));0.673289447353;0.1;12;0.0467505779604;[20273  3521   190    91]
B;1;((3, 11), (13, 14), (6, 7), (9, 10, 12), (4, 5, 8));0.675820974912;0.1;8;0.627383015598;[166 115 100 181]
B;1;((3, 11), (13, 14), (6, 7), (9, 10, 12), (4, 5, 8));0.697820512782;0.1;12;0.037204414083;[14737  9057   104   177]
B;2;((3, 11),);0.561822175974;0.05;8;0.536796536797;[254 211 217 248]
B;2;((3, 11),);0.564729588793;0.05;8;0.0439521488702;[13038 10572   217   248]
B;2;((13, 14),);0.648246040005;0.2;12;0.685571309425;[142 323  54 411]
B;2;((13, 14),);0.645751390198;0.2;12;0.0485156111669;[ 7543 16067    54   411]
B;2;((6, 7),);0.517840212741;0.05;10;0.0763052208835;[451  14 446  19]
B;2;((6, 7),);0.505572178729;0.05;10;0.0260631001372;[22636   974   446    19]
B;2;((9, 10, 12),);0.659209157128;0.2;12;0.686541737649;[159 306  62 403]
B;2;((9, 10, 12),);0.651973466683;0.1;12;0.0492871189774;[ 8204 15406    64   401]
B;2;((4, 5, 8),);0.51693143716;0.1;12;0.664206642066;[ 25 440  15 450]
B;2;((4, 5, 8),);0.512214571008;0.1;12;0.0385306961212;[ 1167 22443    15   450]
B;2;((3, 11), (13, 14));0.648424095271;0.1;10;0.582881906826;[276 189 196 269]
B;2;((3, 11), (13, 14));0.65370318755;0.05;10;0.0537710200383;[14411  9199   198   267]
B;2;((3, 11), (6, 7));0.589483177246;0.05;8;0.564983888292;[262 203 202 263]
B;2;((3, 11), (6, 7));0.574993737846;0.05;8;0.0459228217217;[12884 10726   202   263]
B;2;((3, 11), (9, 10, 12));0.666086252746;0.05;8;0.603314917127;[298 167 192 273]
B;2;((3, 11), (9, 10, 12));0.670465038962;0.05;8;0.0580665744975;[14945  8665   192   273]
B;2;((3, 11), (4, 5, 8));0.566403052376;0.05;12;0.533044420368;[253 212 219 246]
B;2;((3, 11), (4, 5, 8));0.563022912653;0.05;12;0.042623234861;[12778 10832   219   246]
B;2;((13, 14), (6, 7));0.643838594057;0.2;10;0.681208053691;[144 321  59 406]
B;2;((13, 14), (6, 7));0.637271203654;0.1;12;0.0477569596312;[ 7560 16050    61   404]
B;2;((13, 14), (9, 10, 12));0.69201526188;0.2;12;0.703389830508;[165 300  50 415]
B;2;((13, 14), (9, 10, 12));0.70251356041;0.05;12;0.0533453306768;[ 8931 14679    50   415]
B;2;((13, 14), (4, 5, 8));0.635278066829;0.1;8;0.678510998308;[149 316  64 401]
B;2;((13, 14), (4, 5, 8));0.634767207261;0.1;10;0.0477400295421;[ 7554 16056    61   404]
B;2;((6, 7), (9, 10, 12));0.66364897676;0.1;12;0.688245315162;[160 305  61 404]
B;2;((6, 7), (9, 10, 12));0.656104803414;0.2;12;0.0496274859922;[ 8237 15373    62   403]
B;2;((6, 7), (4, 5, 8));0.510611631402;0.1;12;0.66124260355;[ 25 440  18 447]
B;2;((6, 7), (4, 5, 8));0.505751253569;0.1;12;0.0382721863093;[ 1163 22447    18   447]
B;2;((9, 10, 12), (4, 5, 8));0.654010868308;0.1;10;0.679277730009;[162 303  70 395]
B;2;((9, 10, 12), (4, 5, 8));0.654189267351;0.2;12;0.0491391458857;[ 8155 15455    64   401]
B;2;((3, 11), (13, 14), (6, 7));0.646460862527;0.1;10;0.580786026201;[280 185 199 266]
B;2;((3, 11), (13, 14), (6, 7));0.650870917645;0.1;8;0.0538492221779;[14317  9293   195   270]
B;2;((3, 11), (13, 14), (9, 10, 12));0.709069256561;0.05;12;0.628008752735;[303 162 178 287]
B;2;((3, 11), (13, 14), (9, 10, 12));0.710589917704;0.05;12;0.0633903920486;[15307  8303   178   287]
B;2;((3, 11), (13, 14), (4, 5, 8));0.64823679038;0.2;10;0.578833693305;[272 193 197 268]
B;2;((3, 11), (13, 14), (4, 5, 8));0.647742618628;0.05;12;0.0533202164289;[14181  9429   194   271]
B;2;((3, 11), (6, 7), (9, 10, 12));0.684842178287;0.05;8;0.612021857923;[295 170 185 280]
B;2;((3, 11), (6, 7), (9, 10, 12));0.67575931467;0.05;12;0.0569931901519;[14802  8808   193   272]
B;2;((3, 11), (6, 7), (4, 5, 8));0.577930396578;0.05;8;0.549019607843;[264 201 213 252]
B;2;((3, 11), (6, 7), (4, 5, 8));0.571037741435;0.05;8;0.0447006651885;[13052 10558   213   252]
B;2;((3, 11), (9, 10, 12), (4, 5, 8));0.682259220719;0.05;12;0.609357997824;[291 174 185 280]
B;2;((3, 11), (9, 10, 12), (4, 5, 8));0.676543655185;0.05;12;0.0577796120512;[14663  8947   185   280]
B;2;((13, 14), (6, 7), (9, 10, 12));0.699248468031;0.2;10;0.706779661017;[167 298  48 417]
B;2;((13, 14), (6, 7), (9, 10, 12));0.708045023751;0.05;12;0.0539159320302;[ 8843 14767    43   422]
B;2;((13, 14), (6, 7), (4, 5, 8));0.642354029368;0.1;12;0.68288590604;[145 320  58 407]
B;2;((13, 14), (6, 7), (4, 5, 8));0.638624011149;0.1;12;0.0481002186374;[ 7559 16051    58   407]
B;2;((13, 14), (9, 10, 12), (4, 5, 8));0.697366169499;0.05;12;0.705782312925;[169 296  50 415]
B;2;((13, 14), (9, 10, 12), (4, 5, 8));0.700750365482;0.05;12;0.0530182050463;[ 8835 14775    50   415]
B;2;((6, 7), (9, 10, 12), (4, 5, 8));0.662178286507;0.2;12;0.687127024723;[160 305  62 403]
B;2;((6, 7), (9, 10, 12), (4, 5, 8));0.657698396433;0.2;12;0.0495146823934;[ 8200 15410    62   403]
B;2;((3, 11), (13, 14), (6, 7), (9, 10, 12));0.723852468493;0.05;10;0.635964912281;[308 157 175 290]
B;2;((3, 11), (13, 14), (6, 7), (9, 10, 12));0.723031656898;0.05;10;0.0640317950983;[15307  8303   175   290]
B;2;((3, 11), (13, 14), (6, 7), (4, 5, 8));0.654387790496;0.05;12;0.597802197802;[292 173 193 272]
B;2;((3, 11), (13, 14), (6, 7), (4, 5, 8));0.647412022425;0.05;12;0.0539682539683;[14267  9343   193   272]
B;2;((3, 11), (13, 14), (9, 10, 12), (4, 5, 8));0.707776621575;0.1;10;0.622317596567;[288 177 175 290]
B;2;((3, 11), (13, 14), (9, 10, 12), (4, 5, 8));0.711027630902;0.05;12;0.0623148656061;[15244  8366   181   284]
B;2;((3, 11), (6, 7), (9, 10, 12), (4, 5, 8));0.674121863799;0.05;12;0.593164277839;[292 173 196 269]
B;2;((3, 11), (6, 7), (9, 10, 12), (4, 5, 8));0.672565069476;0.1;10;0.0569329660239;[14553  9057   186   279]
B;2;((13, 14), (6, 7), (9, 10, 12), (4, 5, 8));0.701061394381;0.2;10;0.707874682472;[167 298  47 418]
B;2;((13, 14), (6, 7), (9, 10, 12), (4, 5, 8));0.698926188557;0.05;12;0.052741945733;[ 8753 14857    50   415]
B;2;((3, 11), (13, 14), (6, 7), (9, 10, 12), (4, 5, 8));0.720601225575;0.05;12;0.629385964912;[305 160 178 287]
B;2;((3, 11), (13, 14), (6, 7), (9, 10, 12), (4, 5, 8));0.715909651915;0.05;10;0.0633064960847;[15295  8315   178   287]
B;0;((3, 11),);0.63175823216;0.05;8;0.606334841629;[60 47 40 67]
B;0;((3, 11),);0.600554438628;0.05;8;0.011370386084;[12357 11611    40    67]
B;0;((13, 14),);0.658878504673;0.1;10;0.423076923077;[91 16 74 33]
B;0;((13, 14),);0.630545166141;0.1;10;0.0134584013051;[19204  4764    74    33]
B;0;((6, 7),);0.522316359507;0.05;8;0.668769716088;[  3 104   1 106]
B;0;((6, 7),);0.535514057684;0.05;8;0.0092322431738;[ 1218 22750     1   106]
B;0;((9, 10, 12),);0.662022884095;0.1;12;0.40522875817;[92 15 76 31]
B;0;((9, 10, 12),);0.641585002745;0.05;10;0.0147128618889;[19892  4076    76    31]
B;0;((4, 5, 8),);0.505284304306;0.2;8;0.653721682848;[  6 101   6 101]
B;0;((4, 5, 8),);0.496228031456;0.2;8;0.0088763896823;[ 1419 22549     6   101]
B;0;((3, 11), (13, 14));0.711590531924;0.2;8;0.645161290323;[67 40 37 70]
B;0;((3, 11), (13, 14));0.680486170034;0.05;8;0.0138323069635;[13593 10375    34    73]
B;0;((3, 11), (6, 7));0.633330421871;0.05;10;0.587155963303;[60 47 43 64]
B;0;((3, 11), (6, 7));0.602082761439;0.05;8;0.0110872083402;[12056 11912    40    67]
B;0;((3, 11), (9, 10, 12));0.711896235479;0.2;8;0.645161290323;[67 40 37 70]
B;0;((3, 11), (9, 10, 12));0.690609090937;0.05;10;0.0138902868646;[14209  9759    38    69]
B;0;((3, 11), (4, 5, 8));0.639881212333;0.05;8;0.615384615385;[61 46 39 68]
B;0;((3, 11), (4, 5, 8));0.599198074068;0.05;8;0.0114845465293;[12301 11667    39    68]
B;0;((13, 14), (6, 7));0.627871429819;0.05;12;0.361290322581;[87 20 79 28]
B;0;((13, 14), (6, 7));0.607436862858;0.05;12;0.0113751777372;[19180  4788    79    28]
B;0;((13, 14), (9, 10, 12));0.677264389903;0.05;12;0.420382165605;[90 17 74 33]
B;0;((13, 14), (9, 10, 12));0.664326188812;0.05;12;0.0164506480558;[20096  3872    74    33]
B;0;((13, 14), (4, 5, 8));0.644204734038;0.05;12;0.422360248447;[87 20 73 34]
B;0;((13, 14), (4, 5, 8));0.634427679273;0.05;8;0.0134413915794;[19050  4918    73    34]
B;0;((6, 7), (9, 10, 12));0.662284915713;0.1;8;0.407643312102;[89 18 75 32]
B;0;((6, 7), (9, 10, 12));0.639703210199;0.05;10;0.0145301148348;[19839  4129    76    31]
B;0;((6, 7), (4, 5, 8));0.513319940606;0.2;8;0.662420382166;[  4 103   3 104]
B;0;((6, 7), (4, 5, 8));0.511412217848;0.05;8;0.00903033491145;[ 1366 22602     4   103]
B;0;((9, 10, 12), (4, 5, 8));0.684470259411;0.05;12;0.440251572327;[90 17 72 35]
B;0;((9, 10, 12), (4, 5, 8));0.660724423842;0.05;12;0.0160993560258;[19762  4206    72    35]
B;0;((3, 11), (13, 14), (6, 7));0.691414097301;0.2;10;0.62962962963;[66 41 39 68]
B;0;((3, 11), (13, 14), (6, 7));0.661113766954;0.2;10;0.0130668716372;[13735 10233    39    68]
B;0;((3, 11), (13, 14), (9, 10, 12));0.752642152153;0.05;8;0.688679245283;[75 32 34 73]
B;0;((3, 11), (13, 14), (9, 10, 12));0.715655336399;0.05;12;0.0155401809473;[14753  9215    34    73]
B;0;((3, 11), (13, 14), (4, 5, 8));0.698401607127;0.2;12;0.635944700461;[66 41 38 69]
B;0;((3, 11), (13, 14), (4, 5, 8));0.680914505946;0.05;10;0.013761023355;[13827 10141    36    71]
B;0;((3, 11), (6, 7), (9, 10, 12));0.728622587126;0.05;8;0.68202764977;[71 36 33 74]
B;0;((3, 11), (6, 7), (9, 10, 12));0.693480910685;0.05;8;0.0152624523048;[14452  9516    33    74]
B;0;((3, 11), (6, 7), (4, 5, 8));0.654380295222;0.05;8;0.606334841629;[60 47 40 67]
B;0;((3, 11), (6, 7), (4, 5, 8));0.602786581486;0.05;8;0.0113858441669;[12373 11595    40    67]
B;0;((3, 11), (9, 10, 12), (4, 5, 8));0.724080705738;0.2;12;0.679069767442;[72 35 34 73]
B;0;((3, 11), (9, 10, 12), (4, 5, 8));0.701029721872;0.05;12;0.0143266475645;[14373  9595    37    70]
B;0;((13, 14), (6, 7), (9, 10, 12));0.672111101406;0.05;8;0.410256410256;[90 17 75 32]
B;0;((13, 14), (6, 7), (9, 10, 12));0.661642314363;0.05;10;0.0162241887906;[20040  3928    74    33]
B;0;((13, 14), (6, 7), (4, 5, 8));0.658136081754;0.05;12;0.434782608696;[88 19 72 35]
B;0;((13, 14), (6, 7), (4, 5, 8));0.633840252736;0.1;8;0.0139116202946;[19221  4747    73    34]
B;0;((13, 14), (9, 10, 12), (4, 5, 8));0.68923050048;0.05;8;0.418300653595;[93 14 75 32]
B;0;((13, 14), (9, 10, 12), (4, 5, 8));0.669678535555;0.05;8;0.0159561206682;[20096  3872    75    32]
B;0;((6, 7), (9, 10, 12), (4, 5, 8));0.665603982881;0.05;12;0.427672955975;[89 18 73 34]
B;0;((6, 7), (9, 10, 12), (4, 5, 8));0.654252008909;0.05;12;0.0156862745098;[19774  4194    73    34]
B;0;((3, 11), (13, 14), (6, 7), (9, 10, 12));0.752729496026;0.05;8;0.679069767442;[72 35 34 73]
B;0;((3, 11), (13, 14), (6, 7), (9, 10, 12));0.713513656838;0.05;8;0.0152528207271;[14576  9392    34    73]
B;0;((3, 11), (13, 14), (6, 7), (4, 5, 8));0.710979124814;0.05;10;0.657657657658;[65 42 34 73]
B;0;((3, 11), (13, 14), (6, 7), (4, 5, 8));0.684893526259;0.1;8;0.0142355694228;[13892 10076    34    73]
B;0;((3, 11), (13, 14), (9, 10, 12), (4, 5, 8));0.750502227269;0.05;8;0.682242990654;[73 34 34 73]
B;0;((3, 11), (13, 14), (9, 10, 12), (4, 5, 8));0.715067519933;0.05;10;0.0152252061747;[14689  9279    35    72]
B;0;((3, 11), (6, 7), (9, 10, 12), (4, 5, 8));0.713424753254;0.2;10;0.641509433962;[70 37 39 68]
B;0;((3, 11), (6, 7), (9, 10, 12), (4, 5, 8));0.693549343049;0.05;10;0.0138974044553;[14357  9611    39    68]
B;0;((13, 14), (6, 7), (9, 10, 12), (4, 5, 8));0.682941741637;0.05;8;0.425806451613;[92 15 74 33]
B;0;((13, 14), (6, 7), (9, 10, 12), (4, 5, 8));0.661437992089;0.1;8;0.0159767610748;[19977  3991    74    33]
B;0;((3, 11), (13, 14), (6, 7), (9, 10, 12), (4, 5, 8));0.750414883396;0.05;8;0.694444444444;[73 34 32 75]
B;0;((3, 11), (13, 14), (6, 7), (9, 10, 12), (4, 5, 8));0.716352722633;0.05;12;0.0157803718115;[14896  9072    34    73]
B;1;((3, 11),);0.577151668768;0.05;8;0.534069981584;[168 115 138 145]
B;1;((3, 11),);0.562312568764;0.05;8;0.0269792538841;[13471 10321   138   145]
B;1;((13, 14),);0.644220804355;0.1;12;0.473804100228;[231  52 179 104]
B;1;((13, 14),);0.641733955767;0.1;12;0.0408564132783;[19088  4704   179   104]
B;1;((6, 7),);0.516962379353;0.2;10;0.660217654172;[ 12 271  10 273]
B;1;((6, 7),);0.508129718455;0.2;10;0.0233453052848;[  960 22832    10   273]
B;1;((9, 10, 12),);0.670160696225;0.1;10;0.484162895928;[231  52 176 107]
B;1;((9, 10, 12),);0.661017169414;0.05;8;0.0467889908257;[19817  3975   181   102]
B;1;((4, 5, 8),);0.516968622408;0.2;10;0.657734470158;[ 15 268  13 270]
B;1;((4, 5, 8),);0.514358836655;0.2;12;0.0234764152987;[ 1259 22533    12   271]
B;1;((3, 11), (13, 14));0.686236561825;0.05;10;0.646536412078;[185  98 101 182]
B;1;((3, 11), (13, 14));0.658414964439;0.05;8;0.0352250489237;[14035  9757   103   180]
B;1;((3, 11), (6, 7));0.586385146524;0.05;8;0.553345388788;[166 117 130 153]
B;1;((3, 11), (6, 7));0.565811235656;0.05;8;0.0279809802487;[13292 10500   130   153]
B;1;((3, 11), (9, 10, 12));0.737398394286;0.05;8;0.683363148479;[198  85  92 191]
B;1;((3, 11), (9, 10, 12));0.700189852099;0.05;10;0.0403823434647;[14952  8840    95   188]
B;1;((3, 11), (4, 5, 8));0.595812158973;0.05;8;0.550831792976;[174 109 134 149]
B;1;((3, 11), (4, 5, 8));0.575667192821;0.05;8;0.0286952335099;[13839  9953   134   149]
B;1;((13, 14), (6, 7));0.64493251258;0.2;8;0.475113122172;[229  54 178 105]
B;1;((13, 14), (6, 7));0.62635300995;0.05;8;0.0388123423249;[19022  4770   183   100]
B;1;((13, 14), (9, 10, 12));0.667488668856;0.2;8;0.46511627907;[236  47 183 100]
B;1;((13, 14), (9, 10, 12));0.669003938135;0.2;8;0.0475850582917;[19972  3820   183   100]
B;1;((13, 14), (4, 5, 8));0.633944736481;0.1;12;0.460496613995;[225  58 181 102]
B;1;((13, 14), (4, 5, 8));0.639303958809;0.1;12;0.0401179941003;[19092  4700   181   102]
B;1;((6, 7), (9, 10, 12));0.688065776823;0.05;8;0.491803278689;[244  39 178 105]
B;1;((6, 7), (9, 10, 12));0.663296939197;0.05;8;0.0473399458972;[19744  4048   178   105]
B;1;((6, 7), (4, 5, 8));0.514096817291;0.1;10;0.656097560976;[ 15 268  14 269]
B;1;((6, 7), (4, 5, 8));0.506025275592;0.1;10;0.0232648648649;[ 1219 22573    14   269]
B;1;((9, 10, 12), (4, 5, 8));0.689988637641;0.1;8;0.494172494172;[243  40 177 106]
B;1;((9, 10, 12), (4, 5, 8));0.667512582547;0.1;8;0.0479421076436;[19759  4033   177   106]
B;1;((3, 11), (13, 14), (6, 7));0.680936208468;0.05;12;0.635714285714;[184  99 105 178]
B;1;((3, 11), (13, 14), (6, 7));0.660366135483;0.05;8;0.0351396703188;[14122  9670   105   178]
B;1;((3, 11), (13, 14), (9, 10, 12));0.735157137684;0.05;10;0.655913978495;[191  92 100 183]
B;1;((3, 11), (13, 14), (9, 10, 12));0.720349551828;0.05;10;0.0413839891452;[15414  8378   100   183]
B;1;((3, 11), (13, 14), (4, 5, 8));0.681310791744;0.05;12;0.632867132867;[175 108 102 181]
B;1;((3, 11), (13, 14), (4, 5, 8));0.666302002514;0.05;10;0.0364372469636;[14375  9417   103   180]
B;1;((3, 11), (6, 7), (9, 10, 12));0.731248985504;0.05;10;0.670309653916;[201  82  99 184]
B;1;((3, 11), (6, 7), (9, 10, 12));0.689171360864;0.05;8;0.0382502113271;[14792  9000   102   181]
B;1;((3, 11), (6, 7), (4, 5, 8));0.590867659729;0.05;8;0.54113345521;[167 116 135 148]
B;1;((3, 11), (6, 7), (4, 5, 8));0.569706745861;0.05;8;0.0274302659624;[13432 10360   135   148]
B;1;((3, 11), (9, 10, 12), (4, 5, 8));0.740413789659;0.05;10;0.672694394213;[199  84  97 186]
B;1;((3, 11), (9, 10, 12), (4, 5, 8));0.701992652458;0.05;10;0.0393484239475;[14807  8985    97   186]
B;1;((13, 14), (6, 7), (9, 10, 12));0.670010862915;0.2;8;0.480549199085;[234  49 178 105]
B;1;((13, 14), (6, 7), (9, 10, 12));0.676188109077;0.2;8;0.0503597122302;[20010  3782   178   105]
B;1;((13, 14), (6, 7), (4, 5, 8));0.636797812434;0.1;12;0.463636363636;[228  55 181 102]
B;1;((13, 14), (6, 7), (4, 5, 8));0.634198833946;0.2;8;0.0396156109041;[19077  4715   182   101]
B;1;((13, 14), (9, 10, 12), (4, 5, 8));0.679050805978;0.2;12;0.490909090909;[234  49 175 108]
B;1;((13, 14), (9, 10, 12), (4, 5, 8));0.682333685225;0.2;8;0.0509160123721;[19979  3813   176   107]
B;1;((6, 7), (9, 10, 12), (4, 5, 8));0.68074891683;0.2;10;0.481308411215;[241  42 180 103]
B;1;((6, 7), (9, 10, 12), (4, 5, 8));0.659589083007;0.05;8;0.0467415730337;[19729  4063   179   104]
B;1;((3, 11), (13, 14), (6, 7), (9, 10, 12));0.730599707825;0.05;10;0.660682226212;[193  90  99 184]
B;1;((3, 11), (13, 14), (6, 7), (9, 10, 12));0.71545443312;0.05;12;0.0412324929972;[15334  8458    99   184]
B;1;((3, 11), (13, 14), (6, 7), (4, 5, 8));0.679818701694;0.05;10;0.625899280576;[184  99 109 174]
B;1;((3, 11), (13, 14), (6, 7), (4, 5, 8));0.664284294866;0.05;8;0.0351152525748;[14059  9733   104   179]
B;1;((3, 11), (13, 14), (9, 10, 12), (4, 5, 8));0.731586110452;0.05;12;0.659498207885;[192  91  99 184]
B;1;((3, 11), (13, 14), (9, 10, 12), (4, 5, 8));0.719255485111;0.05;12;0.0404484502088;[15161  8631    99   184]
B;1;((3, 11), (6, 7), (9, 10, 12), (4, 5, 8));0.729600819089;0.05;8;0.670289855072;[199  84  98 185]
B;1;((3, 11), (6, 7), (9, 10, 12), (4, 5, 8));0.691757525765;0.05;8;0.0393240514401;[14851  8941    98   185]
B;1;((13, 14), (6, 7), (9, 10, 12), (4, 5, 8));0.662681516813;0.1;8;0.467889908257;[232  51 181 102]
B;1;((13, 14), (6, 7), (9, 10, 12), (4, 5, 8));0.674177604611;0.05;8;0.0499272903539;[20052  3740   180   103]
B;1;((3, 11), (13, 14), (6, 7), (9, 10, 12), (4, 5, 8));0.725442944724;0.05;8;0.651245551601;[187  96 100 183]
B;1;((3, 11), (13, 14), (6, 7), (9, 10, 12), (4, 5, 8));0.7123194155;0.05;8;0.0406711856873;[15259  8533   100   183]
B;2;((3, 11),);0.546785296957;0.05;8;0.514469453376;[279 207 246 240]
B;2;((3, 11),);0.542513450941;0.05;8;0.0435137340223;[13284 10305   246   240]
B;2;((13, 14),);0.632085217362;0.2;8;0.452574525745;[401  85 319 167]
B;2;((13, 14),);0.62434764617;0.2;8;0.0651453091476;[19115  4474   319   167]
B;2;((6, 7),);0.503403952649;0.2;10;0.0975609756098;[465  21 460  26]
B;2;((6, 7),);0.500804675123;0.2;12;0.0329163923634;[22581  1008   461    25]
B;2;((9, 10, 12),);0.699664685261;0.1;8;0.51724137931;[413  73 291 195]
B;2;((9, 10, 12),);0.701888670645;0.2;12;0.0880174291939;[19687  3902   284   202]
B;2;((4, 5, 8),);0.528010635235;0.2;12;0.133086876155;[467  19 450  36]
B;2;((4, 5, 8),);0.525600619107;0.2;12;0.0473061760841;[22589  1000   450    36]
B;2;((3, 11), (13, 14));0.661097139664;0.05;8;0.593291404612;[301 185 203 283]
B;2;((3, 11), (13, 14));0.645811406481;0.05;8;0.0565660603638;[14352  9237   203   283]
B;2;((3, 11), (6, 7));0.55212831716;0.05;8;0.521276595745;[277 209 241 245]
B;2;((3, 11), (6, 7));0.551635631939;0.05;8;0.0442437923251;[13245 10344   241   245]
B;2;((3, 11), (9, 10, 12));0.688798709546;0.05;10;0.610703043022;[310 176 195 291]
B;2;((3, 11), (9, 10, 12));0.688020083993;0.1;12;0.0631222198687;[14931  8658   188   298]
B;2;((3, 11), (4, 5, 8));0.564353333672;0.05;8;0.537566137566;[281 205 232 254]
B;2;((3, 11), (4, 5, 8));0.563335172092;0.05;8;0.0470413927215;[13530 10059   232   254]
B;2;((13, 14), (6, 7));0.620700604583;0.05;10;0.431911966988;[402  84 329 157]
B;2;((13, 14), (6, 7));0.620636938086;0.05;12;0.0640094247006;[19145  4444   323   163]
B;2;((13, 14), (9, 10, 12));0.722679469593;0.05;12;0.529172320217;[430  56 291 195]
B;2;((13, 14), (9, 10, 12));0.705272362249;0.1;12;0.0945114447453;[20204  3385   294   192]
B;2;((13, 14), (4, 5, 8));0.654685092042;0.05;10;0.472184531886;[409  77 312 174]
B;2;((13, 14), (4, 5, 8));0.634596503183;0.1;10;0.0685069514407;[19282  4307   316   170]
B;2;((6, 7), (9, 10, 12));0.702162610713;0.2;12;0.520805369128;[421  65 292 194]
B;2;((6, 7), (9, 10, 12));0.692133958302;0.1;10;0.085349758029;[19723  3866   292   194]
B;2;((6, 7), (4, 5, 8));0.529822689631;0.2;10;0.133580705009;[469  17 450  36]
B;2;((6, 7), (4, 5, 8));0.525503491112;0.05;12;0.048615800135;[22630   959   450    36]
B;2;((9, 10, 12), (4, 5, 8));0.709664854612;0.1;12;0.535433070866;[414  72 282 204]
B;2;((9, 10, 12), (4, 5, 8));0.70310331575;0.1;12;0.0885801128962;[19673  3916   282   204]
B;2;((3, 11), (13, 14), (6, 7));0.656370133279;0.05;12;0.572949946752;[302 184 217 269]
B;2;((3, 11), (13, 14), (6, 7));0.645332657493;0.05;12;0.0540975364505;[14399  9190   217   269]
B;2;((3, 11), (13, 14), (9, 10, 12));0.722035936256;0.05;12;0.642105263158;[327 159 181 305]
B;2;((3, 11), (13, 14), (9, 10, 12));0.716778213393;0.05;10;0.0677853094788;[15381  8208   181   305]
B;2;((3, 11), (13, 14), (4, 5, 8));0.662600128707;0.1;8;0.591578947368;[303 183 205 281]
B;2;((3, 11), (13, 14), (4, 5, 8));0.653267364802;0.05;8;0.057862145975;[14509  9080   201   285]
B;2;((3, 11), (6, 7), (9, 10, 12));0.686364290674;0.1;10;0.61875;[309 177 189 297]
B;2;((3, 11), (6, 7), (9, 10, 12));0.687424624402;0.05;12;0.0619374196314;[15032  8557   197   289]
B;2;((3, 11), (6, 7), (4, 5, 8));0.566478687192;0.05;10;0.526539278132;[278 208 238 248]
B;2;((3, 11), (6, 7), (4, 5, 8));0.566822577378;0.05;10;0.0458579881657;[13507 10082   238   248]
B;2;((3, 11), (9, 10, 12), (4, 5, 8));0.687007824011;0.1;12;0.60970464135;[313 173 197 289]
B;2;((3, 11), (9, 10, 12), (4, 5, 8));0.687344418573;0.05;8;0.0644676050285;[15068  8521   186   300]
B;2;((13, 14), (6, 7), (9, 10, 12));0.709381191891;0.2;10;0.524633821571;[418  68 289 197]
B;2;((13, 14), (6, 7), (9, 10, 12));0.703749977975;0.05;12;0.0949789760079;[20224  3365   294   192]
B;2;((13, 14), (6, 7), (4, 5, 8));0.645156988264;0.1;10;0.459644322845;[409  77 318 168]
B;2;((13, 14), (6, 7), (4, 5, 8));0.632207642992;0.1;10;0.0672134426885;[19244  4345   318   168]
B;2;((13, 14), (9, 10, 12), (4, 5, 8));0.71998255686;0.2;12;0.534045393858;[423  63 286 200]
B;2;((13, 14), (9, 10, 12), (4, 5, 8));0.716068005821;0.05;12;0.099850224663;[20269  3320   286   200]
B;2;((6, 7), (9, 10, 12), (4, 5, 8));0.715820759031;0.1;10;0.539682539683;[420  66 282 204]
B;2;((6, 7), (9, 10, 12), (4, 5, 8));0.70371927384;0.1;10;0.08871493803;[19680  3909   282   204]
B;2;((3, 11), (13, 14), (6, 7), (9, 10, 12));0.724423783637;0.05;10;0.627243928194;[322 164 189 297]
B;2;((3, 11), (13, 14), (6, 7), (9, 10, 12));0.716210143285;0.05;10;0.0677000227946;[15598  7991   189   297]
B;2;((3, 11), (13, 14), (6, 7), (4, 5, 8));0.663863909634;0.05;8;0.594537815126;[303 183 203 283]
B;2;((3, 11), (13, 14), (6, 7), (4, 5, 8));0.658162231925;0.05;8;0.0590444398081;[14772  8817   203   283]
B;2;((3, 11), (13, 14), (9, 10, 12), (4, 5, 8));0.722148131213;0.05;12;0.635886673662;[322 164 183 303]
B;2;((3, 11), (13, 14), (9, 10, 12), (4, 5, 8));0.720042839246;0.05;10;0.0685956876327;[15431  8158   179   307]
B;2;((3, 11), (6, 7), (9, 10, 12), (4, 5, 8));0.691228894647;0.1;8;0.615706806283;[311 175 192 294]
B;2;((3, 11), (6, 7), (9, 10, 12), (4, 5, 8));0.686805264433;0.1;8;0.0630360205832;[15041  8548   192   294]
B;2;((13, 14), (6, 7), (9, 10, 12), (4, 5, 8));0.727404359092;0.05;12;0.539295392954;[433  53 287 199]
B;2;((13, 14), (6, 7), (9, 10, 12), (4, 5, 8));0.714374742569;0.05;12;0.0994254309268;[20271  3318   287   199]
B;2;((3, 11), (13, 14), (6, 7), (9, 10, 12), (4, 5, 8));0.723498704466;0.05;10;0.640756302521;[325 161 181 305]
B;2;((3, 11), (13, 14), (6, 7), (9, 10, 12), (4, 5, 8));0.717517380547;0.05;10;0.0692237857467;[15568  8021   181   305]
